0
-2048
-4095
1
-2047
-4094
2
-2046
-4093
3
-2045
-4092
4
-2044
-4091
5
-2043
-4090
6
-2042
-4089
7
-2041
-4088
8
-2040
-4087
9
-2039
-4086
10
-2038
-4085
11
-2037
-4084
12
-2036
-4083
13
-2035
-4082
14
-2034
-4081
15
-2033
-4080
16
-2032
-4079
17
-2031
-4078
18
-2030
-4077
19
-2029
-4076
20
-2028
-4075
21
-2027
-4074
22
-2026
-4073
23
-2025
-4072
24
-2024
-4071
25
-2023
-4070
26
-2022
-4069
27
-2021
-4068
28
-2020
-4067
29
-2019
-4066
30
-2018
-4065
31
-2017
-4064
32
-2016
-4063
33
-2015
-4062
34
-2014
-4061
35
-2013
-4060
36
-2012
-4059
37
-2011
-4058
38
-2010
-4057
39
-2009
-4056
40
-2008
-4055
41
-2007
-4054
42
-2006
-4053
43
-2005
-4052
44
-2004
-4051
45
-2003
-4050
46
-2002
-4049
47
-2001
-4048
48
-2000
-4047
49
-1999
-4046
50
-1998
-4045
51
-1997
-4044
52
-1996
-4043
53
-1995
-4042
54
-1994
-4041
55
-1993
-4040
56
-1992
-4039
57
-1991
-4038
58
-1990
-4037
59
-1989
-4036
60
-1988
-4035
61
-1987
-4034
62
-1986
-4033
63
-1985
-4032
64
-1984
-4031
65
-1983
-4030
66
-1982
-4029
67
-1981
-4028
68
-1980
-4027
69
-1979
-4026
70
-1978
-4025
71
-1977
-4024
72
-1976
-4023
73
-1975
-4022
74
-1974
-4021
75
-1973
-4020
76
-1972
-4019
77
-1971
-4018
78
-1970
-4017
79
-1969
-4016
80
-1968
-4015
81
-1967
-4014
82
-1966
-4013
83
-1965
-4012
84
-1964
-4011
85
-1963
-4010
86
-1962
-4009
87
-1961
-4008
88
-1960
-4007
89
-1959
-4006
90
-1958
-4005
91
-1957
-4004
92
-1956
-4003
93
-1955
-4002
94
-1954
-4001
95
-1953
-4000
96
-1952
-3999
97
-1951
-3998
98
-1950
-3997
99
-1949
-3996
100
-1948
-3995
101
-1947
-3994
102
-1946
-3993
103
-1945
-3992
104
-1944
-3991
105
-1943
-3990
106
-1942
-3989
107
-1941
-3988
108
-1940
-3987
109
-1939
-3986
110
-1938
-3985
111
-1937
-3984
112
-1936
-3983
113
-1935
-3982
114
-1934
-3981
115
-1933
-3980
116
-1932
-3979
117
-1931
-3978
118
-1930
-3977
119
-1929
-3976
120
-1928
-3975
121
-1927
-3974
122
-1926
-3973
123
-1925
-3972
124
-1924
-3971
125
-1923
-3970
126
-1922
-3969
127
-1921
-3968
128
-1920
-3967
129
-1919
-3966
130
-1918
-3965
131
-1917
-3964
132
-1916
-3963
133
-1915
-3962
134
-1914
-3961
135
-1913
-3960
136
-1912
-3959
137
-1911
-3958
138
-1910
-3957
139
-1909
-3956
140
-1908
-3955
141
-1907
-3954
142
-1906
-3953
143
-1905
-3952
144
-1904
-3951
145
-1903
-3950
146
-1902
-3949
147
-1901
-3948
148
-1900
-3947
149
-1899
-3946
150
-1898
-3945
151
-1897
-3944
152
-1896
-3943
153
-1895
-3942
154
-1894
-3941
155
-1893
-3940
156
-1892
-3939
157
-1891
-3938
158
-1890
-3937
159
-1889
-3936
160
-1888
-3935
161
-1887
-3934
162
-1886
-3933
163
-1885
-3932
164
-1884
-3931
165
-1883
-3930
166
-1882
-3929
167
-1881
-3928
168
-1880
-3927
169
-1879
-3926
170
-1878
-3925
171
-1877
-3924
172
-1876
-3923
173
-1875
-3922
174
-1874
-3921
175
-1873
-3920
176
-1872
-3919
177
-1871
-3918
178
-1870
-3917
179
-1869
-3916
180
-1868
-3915
181
-1867
-3914
182
-1866
-3913
183
-1865
-3912
184
-1864
-3911
185
-1863
-3910
186
-1862
-3909
187
-1861
-3908
188
-1860
-3907
189
-1859
-3906
190
-1858
-3905
191
-1857
-3904
192
-1856
-3903
193
-1855
-3902
194
-1854
-3901
195
-1853
-3900
196
-1852
-3899
197
-1851
-3898
198
-1850
-3897
199
-1849
-3896
200
-1848
-3895
201
-1847
-3894
202
-1846
-3893
203
-1845
-3892
204
-1844
-3891
205
-1843
-3890
206
-1842
-3889
207
-1841
-3888
208
-1840
-3887
209
-1839
-3886
210
-1838
-3885
211
-1837
-3884
212
-1836
-3883
213
-1835
-3882
214
-1834
-3881
215
-1833
-3880
216
-1832
-3879
217
-1831
-3878
218
-1830
-3877
219
-1829
-3876
220
-1828
-3875
221
-1827
-3874
222
-1826
-3873
223
-1825
-3872
224
-1824
-3871
225
-1823
-3870
226
-1822
-3869
227
-1821
-3868
228
-1820
-3867
229
-1819
-3866
230
-1818
-3865
231
-1817
-3864
232
-1816
-3863
233
-1815
-3862
234
-1814
-3861
235
-1813
-3860
236
-1812
-3859
237
-1811
-3858
238
-1810
-3857
239
-1809
-3856
240
-1808
-3855
241
-1807
-3854
242
-1806
-3853
243
-1805
-3852
244
-1804
-3851
245
-1803
-3850
246
-1802
-3849
247
-1801
-3848
248
-1800
-3847
249
-1799
-3846
250
-1798
-3845
251
-1797
-3844
252
-1796
-3843
253
-1795
-3842
254
-1794
-3841
255
-1793
-3840
256
-1792
-3839
257
-1791
-3838
258
-1790
-3837
259
-1789
-3836
260
-1788
-3835
261
-1787
-3834
262
-1786
-3833
263
-1785
-3832
264
-1784
-3831
265
-1783
-3830
266
-1782
-3829
267
-1781
-3828
268
-1780
-3827
269
-1779
-3826
270
-1778
-3825
271
-1777
-3824
272
-1776
-3823
273
-1775
-3822
274
-1774
-3821
275
-1773
-3820
276
-1772
-3819
277
-1771
-3818
278
-1770
-3817
279
-1769
-3816
280
-1768
-3815
281
-1767
-3814
282
-1766
-3813
283
-1765
-3812
284
-1764
-3811
285
-1763
-3810
286
-1762
-3809
287
-1761
-3808
288
-1760
-3807
289
-1759
-3806
290
-1758
-3805
291
-1757
-3804
292
-1756
-3803
293
-1755
-3802
294
-1754
-3801
295
-1753
-3800
296
-1752
-3799
297
-1751
-3798
298
-1750
-3797
299
-1749
-3796
300
-1748
-3795
301
-1747
-3794
302
-1746
-3793
303
-1745
-3792
304
-1744
-3791
305
-1743
-3790
306
-1742
-3789
307
-1741
-3788
308
-1740
-3787
309
-1739
-3786
310
-1738
-3785
311
-1737
-3784
312
-1736
-3783
313
-1735
-3782
314
-1734
-3781
315
-1733
-3780
316
-1732
-3779
317
-1731
-3778
318
-1730
-3777
319
-1729
-3776
320
-1728
-3775
321
-1727
-3774
322
-1726
-3773
323
-1725
-3772
324
-1724
-3771
325
-1723
-3770
326
-1722
-3769
327
-1721
-3768
328
-1720
-3767
329
-1719
-3766
330
-1718
-3765
331
-1717
-3764
332
-1716
-3763
333
-1715
-3762
334
-1714
-3761
335
-1713
-3760
336
-1712
-3759
337
-1711
-3758
338
-1710
-3757
339
-1709
-3756
340
-1708
-3755
341
-1707
-3754
342
-1706
-3753
343
-1705
-3752
344
-1704
-3751
345
-1703
-3750
346
-1702
-3749
347
-1701
-3748
348
-1700
-3747
349
-1699
-3746
350
-1698
-3745
351
-1697
-3744
352
-1696
-3743
353
-1695
-3742
354
-1694
-3741
355
-1693
-3740
356
-1692
-3739
357
-1691
-3738
358
-1690
-3737
359
-1689
-3736
360
-1688
-3735
361
-1687
-3734
362
-1686
-3733
363
-1685
-3732
364
-1684
-3731
365
-1683
-3730
366
-1682
-3729
367
-1681
-3728
368
-1680
-3727
369
-1679
-3726
370
-1678
-3725
371
-1677
-3724
372
-1676
-3723
373
-1675
-3722
374
-1674
-3721
375
-1673
-3720
376
-1672
-3719
377
-1671
-3718
378
-1670
-3717
379
-1669
-3716
380
-1668
-3715
381
-1667
-3714
382
-1666
-3713
383
-1665
-3712
384
-1664
-3711
385
-1663
-3710
386
-1662
-3709
387
-1661
-3708
388
-1660
-3707
389
-1659
-3706
390
-1658
-3705
391
-1657
-3704
392
-1656
-3703
393
-1655
-3702
394
-1654
-3701
395
-1653
-3700
396
-1652
-3699
397
-1651
-3698
398
-1650
-3697
399
-1649
-3696
400
-1648
-3695
401
-1647
-3694
402
-1646
-3693
403
-1645
-3692
404
-1644
-3691
405
-1643
-3690
406
-1642
-3689
407
-1641
-3688
408
-1640
-3687
409
-1639
-3686
410
-1638
-3685
411
-1637
-3684
412
-1636
-3683
413
-1635
-3682
414
-1634
-3681
415
-1633
-3680
416
-1632
-3679
417
-1631
-3678
418
-1630
-3677
419
-1629
-3676
420
-1628
-3675
421
-1627
-3674
422
-1626
-3673
423
-1625
-3672
424
-1624
-3671
425
-1623
-3670
426
-1622
-3669
427
-1621
-3668
428
-1620
-3667
429
-1619
-3666
430
-1618
-3665
431
-1617
-3664
432
-1616
-3663
433
-1615
-3662
434
-1614
-3661
435
-1613
-3660
436
-1612
-3659
437
-1611
-3658
438
-1610
-3657
439
-1609
-3656
440
-1608
-3655
441
-1607
-3654
442
-1606
-3653
443
-1605
-3652
444
-1604
-3651
445
-1603
-3650
446
-1602
-3649
447
-1601
-3648
448
-1600
-3647
449
-1599
-3646
450
-1598
-3645
451
-1597
-3644
452
-1596
-3643
453
-1595
-3642
454
-1594
-3641
455
-1593
-3640
456
-1592
-3639
457
-1591
-3638
458
-1590
-3637
459
-1589
-3636
460
-1588
-3635
461
-1587
-3634
462
-1586
-3633
463
-1585
-3632
464
-1584
-3631
465
-1583
-3630
466
-1582
-3629
467
-1581
-3628
468
-1580
-3627
469
-1579
-3626
470
-1578
-3625
471
-1577
-3624
472
-1576
-3623
473
-1575
-3622
474
-1574
-3621
475
-1573
-3620
476
-1572
-3619
477
-1571
-3618
478
-1570
-3617
479
-1569
-3616
480
-1568
-3615
481
-1567
-3614
482
-1566
-3613
483
-1565
-3612
484
-1564
-3611
485
-1563
-3610
486
-1562
-3609
487
-1561
-3608
488
-1560
-3607
489
-1559
-3606
490
-1558
-3605
491
-1557
-3604
492
-1556
-3603
493
-1555
-3602
494
-1554
-3601
495
-1553
-3600
496
-1552
-3599
497
-1551
-3598
498
-1550
-3597
499
-1549
-3596
500
-1548
-3595
501
-1547
-3594
502
-1546
-3593
503
-1545
-3592
504
-1544
-3591
505
-1543
-3590
506
-1542
-3589
507
-1541
-3588
508
-1540
-3587
509
-1539
-3586
510
-1538
-3585
511
-1537
-3584
512
-1536
-3583
513
-1535
-3582
514
-1534
-3581
515
-1533
-3580
516
-1532
-3579
517
-1531
-3578
518
-1530
-3577
519
-1529
-3576
520
-1528
-3575
521
-1527
-3574
522
-1526
-3573
523
-1525
-3572
524
-1524
-3571
525
-1523
-3570
526
-1522
-3569
527
-1521
-3568
528
-1520
-3567
529
-1519
-3566
530
-1518
-3565
531
-1517
-3564
532
-1516
-3563
533
-1515
-3562
534
-1514
-3561
535
-1513
-3560
536
-1512
-3559
537
-1511
-3558
538
-1510
-3557
539
-1509
-3556
540
-1508
-3555
541
-1507
-3554
542
-1506
-3553
543
-1505
-3552
544
-1504
-3551
545
-1503
-3550
546
-1502
-3549
547
-1501
-3548
548
-1500
-3547
549
-1499
-3546
550
-1498
-3545
551
-1497
-3544
552
-1496
-3543
553
-1495
-3542
554
-1494
-3541
555
-1493
-3540
556
-1492
-3539
557
-1491
-3538
558
-1490
-3537
559
-1489
-3536
560
-1488
-3535
561
-1487
-3534
562
-1486
-3533
563
-1485
-3532
564
-1484
-3531
565
-1483
-3530
566
-1482
-3529
567
-1481
-3528
568
-1480
-3527
569
-1479
-3526
570
-1478
-3525
571
-1477
-3524
572
-1476
-3523
573
-1475
-3522
574
-1474
-3521
575
-1473
-3520
576
-1472
-3519
577
-1471
-3518
578
-1470
-3517
579
-1469
-3516
580
-1468
-3515
581
-1467
-3514
582
-1466
-3513
583
-1465
-3512
584
-1464
-3511
585
-1463
-3510
586
-1462
-3509
587
-1461
-3508
588
-1460
-3507
589
-1459
-3506
590
-1458
-3505
591
-1457
-3504
592
-1456
-3503
593
-1455
-3502
594
-1454
-3501
595
-1453
-3500
596
-1452
-3499
597
-1451
-3498
598
-1450
-3497
599
-1449
-3496
600
-1448
-3495
601
-1447
-3494
602
-1446
-3493
603
-1445
-3492
604
-1444
-3491
605
-1443
-3490
606
-1442
-3489
607
-1441
-3488
608
-1440
-3487
609
-1439
-3486
610
-1438
-3485
611
-1437
-3484
612
-1436
-3483
613
-1435
-3482
614
-1434
-3481
615
-1433
-3480
616
-1432
-3479
617
-1431
-3478
618
-1430
-3477
619
-1429
-3476
620
-1428
-3475
621
-1427
-3474
622
-1426
-3473
623
-1425
-3472
624
-1424
-3471
625
-1423
-3470
626
-1422
-3469
627
-1421
-3468
628
-1420
-3467
629
-1419
-3466
630
-1418
-3465
631
-1417
-3464
632
-1416
-3463
633
-1415
-3462
634
-1414
-3461
635
-1413
-3460
636
-1412
-3459
637
-1411
-3458
638
-1410
-3457
639
-1409
-3456
640
-1408
-3455
641
-1407
-3454
642
-1406
-3453
643
-1405
-3452
644
-1404
-3451
645
-1403
-3450
646
-1402
-3449
647
-1401
-3448
648
-1400
-3447
649
-1399
-3446
650
-1398
-3445
651
-1397
-3444
652
-1396
-3443
653
-1395
-3442
654
-1394
-3441
655
-1393
-3440
656
-1392
-3439
657
-1391
-3438
658
-1390
-3437
659
-1389
-3436
660
-1388
-3435
661
-1387
-3434
662
-1386
-3433
663
-1385
-3432
664
-1384
-3431
665
-1383
-3430
666
-1382
-3429
667
-1381
-3428
668
-1380
-3427
669
-1379
-3426
670
-1378
-3425
671
-1377
-3424
672
-1376
-3423
673
-1375
-3422
674
-1374
-3421
675
-1373
-3420
676
-1372
-3419
677
-1371
-3418
678
-1370
-3417
679
-1369
-3416
680
-1368
-3415
681
-1367
-3414
682
-1366
-3413
683
-1365
-3412
684
-1364
-3411
685
-1363
-3410
686
-1362
-3409
687
-1361
-3408
688
-1360
-3407
689
-1359
-3406
690
-1358
-3405
691
-1357
-3404
692
-1356
-3403
693
-1355
-3402
694
-1354
-3401
695
-1353
-3400
696
-1352
-3399
697
-1351
-3398
698
-1350
-3397
699
-1349
-3396
700
-1348
-3395
701
-1347
-3394
702
-1346
-3393
703
-1345
-3392
704
-1344
-3391
705
-1343
-3390
706
-1342
-3389
707
-1341
-3388
708
-1340
-3387
709
-1339
-3386
710
-1338
-3385
711
-1337
-3384
712
-1336
-3383
713
-1335
-3382
714
-1334
-3381
715
-1333
-3380
716
-1332
-3379
717
-1331
-3378
718
-1330
-3377
719
-1329
-3376
720
-1328
-3375
721
-1327
-3374
722
-1326
-3373
723
-1325
-3372
724
-1324
-3371
725
-1323
-3370
726
-1322
-3369
727
-1321
-3368
728
-1320
-3367
729
-1319
-3366
730
-1318
-3365
731
-1317
-3364
732
-1316
-3363
733
-1315
-3362
734
-1314
-3361
735
-1313
-3360
736
-1312
-3359
737
-1311
-3358
738
-1310
-3357
739
-1309
-3356
740
-1308
-3355
741
-1307
-3354
742
-1306
-3353
743
-1305
-3352
744
-1304
-3351
745
-1303
-3350
746
-1302
-3349
747
-1301
-3348
748
-1300
-3347
749
-1299
-3346
750
-1298
-3345
751
-1297
-3344
752
-1296
-3343
753
-1295
-3342
754
-1294
-3341
755
-1293
-3340
756
-1292
-3339
757
-1291
-3338
758
-1290
-3337
759
-1289
-3336
760
-1288
-3335
761
-1287
-3334
762
-1286
-3333
763
-1285
-3332
764
-1284
-3331
765
-1283
-3330
766
-1282
-3329
767
-1281
-3328
768
-1280
-3327
769
-1279
-3326
770
-1278
-3325
771
-1277
-3324
772
-1276
-3323
773
-1275
-3322
774
-1274
-3321
775
-1273
-3320
776
-1272
-3319
777
-1271
-3318
778
-1270
-3317
779
-1269
-3316
780
-1268
-3315
781
-1267
-3314
782
-1266
-3313
783
-1265
-3312
784
-1264
-3311
785
-1263
-3310
786
-1262
-3309
787
-1261
-3308
788
-1260
-3307
789
-1259
-3306
790
-1258
-3305
791
-1257
-3304
792
-1256
-3303
793
-1255
-3302
794
-1254
-3301
795
-1253
-3300
796
-1252
-3299
797
-1251
-3298
798
-1250
-3297
799
-1249
-3296
800
-1248
-3295
801
-1247
-3294
802
-1246
-3293
803
-1245
-3292
804
-1244
-3291
805
-1243
-3290
806
-1242
-3289
807
-1241
-3288
808
-1240
-3287
809
-1239
-3286
810
-1238
-3285
811
-1237
-3284
812
-1236
-3283
813
-1235
-3282
814
-1234
-3281
815
-1233
-3280
816
-1232
-3279
817
-1231
-3278
818
-1230
-3277
819
-1229
-3276
820
-1228
-3275
821
-1227
-3274
822
-1226
-3273
823
-1225
-3272
824
-1224
-3271
825
-1223
-3270
826
-1222
-3269
827
-1221
-3268
828
-1220
-3267
829
-1219
-3266
830
-1218
-3265
831
-1217
-3264
832
-1216
-3263
833
-1215
-3262
834
-1214
-3261
835
-1213
-3260
836
-1212
-3259
837
-1211
-3258
838
-1210
-3257
839
-1209
-3256
840
-1208
-3255
841
-1207
-3254
842
-1206
-3253
843
-1205
-3252
844
-1204
-3251
845
-1203
-3250
846
-1202
-3249
847
-1201
-3248
848
-1200
-3247
849
-1199
-3246
850
-1198
-3245
851
-1197
-3244
852
-1196
-3243
853
-1195
-3242
854
-1194
-3241
855
-1193
-3240
856
-1192
-3239
857
-1191
-3238
858
-1190
-3237
859
-1189
-3236
860
-1188
-3235
861
-1187
-3234
862
-1186
-3233
863
-1185
-3232
864
-1184
-3231
865
-1183
-3230
866
-1182
-3229
867
-1181
-3228
868
-1180
-3227
869
-1179
-3226
870
-1178
-3225
871
-1177
-3224
872
-1176
-3223
873
-1175
-3222
874
-1174
-3221
875
-1173
-3220
876
-1172
-3219
877
-1171
-3218
878
-1170
-3217
879
-1169
-3216
880
-1168
-3215
881
-1167
-3214
882
-1166
-3213
883
-1165
-3212
884
-1164
-3211
885
-1163
-3210
886
-1162
-3209
887
-1161
-3208
888
-1160
-3207
889
-1159
-3206
890
-1158
-3205
891
-1157
-3204
892
-1156
-3203
893
-1155
-3202
894
-1154
-3201
895
-1153
-3200
896
-1152
-3199
897
-1151
-3198
898
-1150
-3197
899
-1149
-3196
900
-1148
-3195
901
-1147
-3194
902
-1146
-3193
903
-1145
-3192
904
-1144
-3191
905
-1143
-3190
906
-1142
-3189
907
-1141
-3188
908
-1140
-3187
909
-1139
-3186
910
-1138
-3185
911
-1137
-3184
912
-1136
-3183
913
-1135
-3182
914
-1134
-3181
915
-1133
-3180
916
-1132
-3179
917
-1131
-3178
918
-1130
-3177
919
-1129
-3176
920
-1128
-3175
921
-1127
-3174
922
-1126
-3173
923
-1125
-3172
924
-1124
-3171
925
-1123
-3170
926
-1122
-3169
927
-1121
-3168
928
-1120
-3167
929
-1119
-3166
930
-1118
-3165
931
-1117
-3164
932
-1116
-3163
933
-1115
-3162
934
-1114
-3161
935
-1113
-3160
936
-1112
-3159
937
-1111
-3158
938
-1110
-3157
939
-1109
-3156
940
-1108
-3155
941
-1107
-3154
942
-1106
-3153
943
-1105
-3152
944
-1104
-3151
945
-1103
-3150
946
-1102
-3149
947
-1101
-3148
948
-1100
-3147
949
-1099
-3146
950
-1098
-3145
951
-1097
-3144
952
-1096
-3143
953
-1095
-3142
954
-1094
-3141
955
-1093
-3140
956
-1092
-3139
957
-1091
-3138
958
-1090
-3137
959
-1089
-3136
960
-1088
-3135
961
-1087
-3134
962
-1086
-3133
963
-1085
-3132
964
-1084
-3131
965
-1083
-3130
966
-1082
-3129
967
-1081
-3128
968
-1080
-3127
969
-1079
-3126
970
-1078
-3125
971
-1077
-3124
972
-1076
-3123
973
-1075
-3122
974
-1074
-3121
975
-1073
-3120
976
-1072
-3119
977
-1071
-3118
978
-1070
-3117
979
-1069
-3116
980
-1068
-3115
981
-1067
-3114
982
-1066
-3113
983
-1065
-3112
984
-1064
-3111
985
-1063
-3110
986
-1062
-3109
987
-1061
-3108
988
-1060
-3107
989
-1059
-3106
990
-1058
-3105
991
-1057
-3104
992
-1056
-3103
993
-1055
-3102
994
-1054
-3101
995
-1053
-3100
996
-1052
-3099
997
-1051
-3098
998
-1050
-3097
999
-1049
-3096
1000
-1048
-3095
1001
-1047
-3094
1002
-1046
-3093
1003
-1045
-3092
1004
-1044
-3091
1005
-1043
-3090
1006
-1042
-3089
1007
-1041
-3088
1008
-1040
-3087
1009
-1039
-3086
1010
-1038
-3085
1011
-1037
-3084
1012
-1036
-3083
1013
-1035
-3082
1014
-1034
-3081
1015
-1033
-3080
1016
-1032
-3079
1017
-1031
-3078
1018
-1030
-3077
1019
-1029
-3076
1020
-1028
-3075
1021
-1027
-3074
1022
-1026
-3073
1023
-1025
-3072
1024
-1024
-3071
1025
-1023
-3070
1026
-1022
-3069
1027
-1021
-3068
1028
-1020
-3067
1029
-1019
-3066
1030
-1018
-3065
1031
-1017
-3064
1032
-1016
-3063
1033
-1015
-3062
1034
-1014
-3061
1035
-1013
-3060
1036
-1012
-3059
1037
-1011
-3058
1038
-1010
-3057
1039
-1009
-3056
1040
-1008
-3055
1041
-1007
-3054
1042
-1006
-3053
1043
-1005
-3052
1044
-1004
-3051
1045
-1003
-3050
1046
-1002
-3049
1047
-1001
-3048
1048
-1000
-3047
1049
-999
-3046
1050
-998
-3045
1051
-997
-3044
1052
-996
-3043
1053
-995
-3042
1054
-994
-3041
1055
-993
-3040
1056
-992
-3039
1057
-991
-3038
1058
-990
-3037
1059
-989
-3036
1060
-988
-3035
1061
-987
-3034
1062
-986
-3033
1063
-985
-3032
1064
-984
-3031
1065
-983
-3030
1066
-982
-3029
1067
-981
-3028
1068
-980
-3027
1069
-979
-3026
1070
-978
-3025
1071
-977
-3024
1072
-976
-3023
1073
-975
-3022
1074
-974
-3021
1075
-973
-3020
1076
-972
-3019
1077
-971
-3018
1078
-970
-3017
1079
-969
-3016
1080
-968
-3015
1081
-967
-3014
1082
-966
-3013
1083
-965
-3012
1084
-964
-3011
1085
-963
-3010
1086
-962
-3009
1087
-961
-3008
1088
-960
-3007
1089
-959
-3006
1090
-958
-3005
1091
-957
-3004
1092
-956
-3003
1093
-955
-3002
1094
-954
-3001
1095
-953
-3000
1096
-952
-2999
1097
-951
-2998
1098
-950
-2997
1099
-949
-2996
1100
-948
-2995
1101
-947
-2994
1102
-946
-2993
1103
-945
-2992
1104
-944
-2991
1105
-943
-2990
1106
-942
-2989
1107
-941
-2988
1108
-940
-2987
1109
-939
-2986
1110
-938
-2985
1111
-937
-2984
1112
-936
-2983
1113
-935
-2982
1114
-934
-2981
1115
-933
-2980
1116
-932
-2979
1117
-931
-2978
1118
-930
-2977
1119
-929
-2976
1120
-928
-2975
1121
-927
-2974
1122
-926
-2973
1123
-925
-2972
1124
-924
-2971
1125
-923
-2970
1126
-922
-2969
1127
-921
-2968
1128
-920
-2967
1129
-919
-2966
1130
-918
-2965
1131
-917
-2964
1132
-916
-2963
1133
-915
-2962
1134
-914
-2961
1135
-913
-2960
1136
-912
-2959
1137
-911
-2958
1138
-910
-2957
1139
-909
-2956
1140
-908
-2955
1141
-907
-2954
1142
-906
-2953
1143
-905
-2952
1144
-904
-2951
1145
-903
-2950
1146
-902
-2949
1147
-901
-2948
1148
-900
-2947
1149
-899
-2946
1150
-898
-2945
1151
-897
-2944
1152
-896
-2943
1153
-895
-2942
1154
-894
-2941
1155
-893
-2940
1156
-892
-2939
1157
-891
-2938
1158
-890
-2937
1159
-889
-2936
1160
-888
-2935
1161
-887
-2934
1162
-886
-2933
1163
-885
-2932
1164
-884
-2931
1165
-883
-2930
1166
-882
-2929
1167
-881
-2928
1168
-880
-2927
1169
-879
-2926
1170
-878
-2925
1171
-877
-2924
1172
-876
-2923
1173
-875
-2922
1174
-874
-2921
1175
-873
-2920
1176
-872
-2919
1177
-871
-2918
1178
-870
-2917
1179
-869
-2916
1180
-868
-2915
1181
-867
-2914
1182
-866
-2913
1183
-865
-2912
1184
-864
-2911
1185
-863
-2910
1186
-862
-2909
1187
-861
-2908
1188
-860
-2907
1189
-859
-2906
1190
-858
-2905
1191
-857
-2904
1192
-856
-2903
1193
-855
-2902
1194
-854
-2901
1195
-853
-2900
1196
-852
-2899
1197
-851
-2898
1198
-850
-2897
1199
-849
-2896
1200
-848
-2895
1201
-847
-2894
1202
-846
-2893
1203
-845
-2892
1204
-844
-2891
1205
-843
-2890
1206
-842
-2889
1207
-841
-2888
1208
-840
-2887
1209
-839
-2886
1210
-838
-2885
1211
-837
-2884
1212
-836
-2883
1213
-835
-2882
1214
-834
-2881
1215
-833
-2880
1216
-832
-2879
1217
-831
-2878
1218
-830
-2877
1219
-829
-2876
1220
-828
-2875
1221
-827
-2874
1222
-826
-2873
1223
-825
-2872
1224
-824
-2871
1225
-823
-2870
1226
-822
-2869
1227
-821
-2868
1228
-820
-2867
1229
-819
-2866
1230
-818
-2865
1231
-817
-2864
1232
-816
-2863
1233
-815
-2862
1234
-814
-2861
1235
-813
-2860
1236
-812
-2859
1237
-811
-2858
1238
-810
-2857
1239
-809
-2856
1240
-808
-2855
1241
-807
-2854
1242
-806
-2853
1243
-805
-2852
1244
-804
-2851
1245
-803
-2850
1246
-802
-2849
1247
-801
-2848
1248
-800
-2847
1249
-799
-2846
1250
-798
-2845
1251
-797
-2844
1252
-796
-2843
1253
-795
-2842
1254
-794
-2841
1255
-793
-2840
1256
-792
-2839
1257
-791
-2838
1258
-790
-2837
1259
-789
-2836
1260
-788
-2835
1261
-787
-2834
1262
-786
-2833
1263
-785
-2832
1264
-784
-2831
1265
-783
-2830
1266
-782
-2829
1267
-781
-2828
1268
-780
-2827
1269
-779
-2826
1270
-778
-2825
1271
-777
-2824
1272
-776
-2823
1273
-775
-2822
1274
-774
-2821
1275
-773
-2820
1276
-772
-2819
1277
-771
-2818
1278
-770
-2817
1279
-769
-2816
1280
-768
-2815
1281
-767
-2814
1282
-766
-2813
1283
-765
-2812
1284
-764
-2811
1285
-763
-2810
1286
-762
-2809
1287
-761
-2808
1288
-760
-2807
1289
-759
-2806
1290
-758
-2805
1291
-757
-2804
1292
-756
-2803
1293
-755
-2802
1294
-754
-2801
1295
-753
-2800
1296
-752
-2799
1297
-751
-2798
1298
-750
-2797
1299
-749
-2796
1300
-748
-2795
1301
-747
-2794
1302
-746
-2793
1303
-745
-2792
1304
-744
-2791
1305
-743
-2790
1306
-742
-2789
1307
-741
-2788
1308
-740
-2787
1309
-739
-2786
1310
-738
-2785
1311
-737
-2784
1312
-736
-2783
1313
-735
-2782
1314
-734
-2781
1315
-733
-2780
1316
-732
-2779
1317
-731
-2778
1318
-730
-2777
1319
-729
-2776
1320
-728
-2775
1321
-727
-2774
1322
-726
-2773
1323
-725
-2772
1324
-724
-2771
1325
-723
-2770
1326
-722
-2769
1327
-721
-2768
1328
-720
-2767
1329
-719
-2766
1330
-718
-2765
1331
-717
-2764
1332
-716
-2763
1333
-715
-2762
1334
-714
-2761
1335
-713
-2760
1336
-712
-2759
1337
-711
-2758
1338
-710
-2757
1339
-709
-2756
1340
-708
-2755
1341
-707
-2754
1342
-706
-2753
1343
-705
-2752
1344
-704
-2751
1345
-703
-2750
1346
-702
-2749
1347
-701
-2748
1348
-700
-2747
1349
-699
-2746
1350
-698
-2745
1351
-697
-2744
1352
-696
-2743
1353
-695
-2742
1354
-694
-2741
1355
-693
-2740
1356
-692
-2739
1357
-691
-2738
1358
-690
-2737
1359
-689
-2736
1360
-688
-2735
1361
-687
-2734
1362
-686
-2733
1363
-685
-2732
1364
-684
-2731
1365
-683
-2730
1366
-682
-2729
1367
-681
-2728
1368
-680
-2727
1369
-679
-2726
1370
-678
-2725
1371
-677
-2724
1372
-676
-2723
1373
-675
-2722
1374
-674
-2721
1375
-673
-2720
1376
-672
-2719
1377
-671
-2718
1378
-670
-2717
1379
-669
-2716
1380
-668
-2715
1381
-667
-2714
1382
-666
-2713
1383
-665
-2712
1384
-664
-2711
1385
-663
-2710
1386
-662
-2709
1387
-661
-2708
1388
-660
-2707
1389
-659
-2706
1390
-658
-2705
1391
-657
-2704
1392
-656
-2703
1393
-655
-2702
1394
-654
-2701
1395
-653
-2700
1396
-652
-2699
1397
-651
-2698
1398
-650
-2697
1399
-649
-2696
1400
-648
-2695
1401
-647
-2694
1402
-646
-2693
1403
-645
-2692
1404
-644
-2691
1405
-643
-2690
1406
-642
-2689
1407
-641
-2688
1408
-640
-2687
1409
-639
-2686
1410
-638
-2685
1411
-637
-2684
1412
-636
-2683
1413
-635
-2682
1414
-634
-2681
1415
-633
-2680
1416
-632
-2679
1417
-631
-2678
1418
-630
-2677
1419
-629
-2676
1420
-628
-2675
1421
-627
-2674
1422
-626
-2673
1423
-625
-2672
1424
-624
-2671
1425
-623
-2670
1426
-622
-2669
1427
-621
-2668
1428
-620
-2667
1429
-619
-2666
1430
-618
-2665
1431
-617
-2664
1432
-616
-2663
1433
-615
-2662
1434
-614
-2661
1435
-613
-2660
1436
-612
-2659
1437
-611
-2658
1438
-610
-2657
1439
-609
-2656
1440
-608
-2655
1441
-607
-2654
1442
-606
-2653
1443
-605
-2652
1444
-604
-2651
1445
-603
-2650
1446
-602
-2649
1447
-601
-2648
1448
-600
-2647
1449
-599
-2646
1450
-598
-2645
1451
-597
-2644
1452
-596
-2643
1453
-595
-2642
1454
-594
-2641
1455
-593
-2640
1456
-592
-2639
1457
-591
-2638
1458
-590
-2637
1459
-589
-2636
1460
-588
-2635
1461
-587
-2634
1462
-586
-2633
1463
-585
-2632
1464
-584
-2631
1465
-583
-2630
1466
-582
-2629
1467
-581
-2628
1468
-580
-2627
1469
-579
-2626
1470
-578
-2625
1471
-577
-2624
1472
-576
-2623
1473
-575
-2622
1474
-574
-2621
1475
-573
-2620
1476
-572
-2619
1477
-571
-2618
1478
-570
-2617
1479
-569
-2616
1480
-568
-2615
1481
-567
-2614
1482
-566
-2613
1483
-565
-2612
1484
-564
-2611
1485
-563
-2610
1486
-562
-2609
1487
-561
-2608
1488
-560
-2607
1489
-559
-2606
1490
-558
-2605
1491
-557
-2604
1492
-556
-2603
1493
-555
-2602
1494
-554
-2601
1495
-553
-2600
1496
-552
-2599
1497
-551
-2598
1498
-550
-2597
1499
-549
-2596
1500
-548
-2595
1501
-547
-2594
1502
-546
-2593
1503
-545
-2592
1504
-544
-2591
1505
-543
-2590
1506
-542
-2589
1507
-541
-2588
1508
-540
-2587
1509
-539
-2586
1510
-538
-2585
1511
-537
-2584
1512
-536
-2583
1513
-535
-2582
1514
-534
-2581
1515
-533
-2580
1516
-532
-2579
1517
-531
-2578
1518
-530
-2577
1519
-529
-2576
1520
-528
-2575
1521
-527
-2574
1522
-526
-2573
1523
-525
-2572
1524
-524
-2571
1525
-523
-2570
1526
-522
-2569
1527
-521
-2568
1528
-520
-2567
1529
-519
-2566
1530
-518
-2565
1531
-517
-2564
1532
-516
-2563
1533
-515
-2562
1534
-514
-2561
1535
-513
-2560
1536
-512
-2559
1537
-511
-2558
1538
-510
-2557
1539
-509
-2556
1540
-508
-2555
1541
-507
-2554
1542
-506
-2553
1543
-505
-2552
1544
-504
-2551
1545
-503
-2550
1546
-502
-2549
1547
-501
-2548
1548
-500
-2547
1549
-499
-2546
1550
-498
-2545
1551
-497
-2544
1552
-496
-2543
1553
-495
-2542
1554
-494
-2541
1555
-493
-2540
1556
-492
-2539
1557
-491
-2538
1558
-490
-2537
1559
-489
-2536
1560
-488
-2535
1561
-487
-2534
1562
-486
-2533
1563
-485
-2532
1564
-484
-2531
1565
-483
-2530
1566
-482
-2529
1567
-481
-2528
1568
-480
-2527
1569
-479
-2526
1570
-478
-2525
1571
-477
-2524
1572
-476
-2523
1573
-475
-2522
1574
-474
-2521
1575
-473
-2520
1576
-472
-2519
1577
-471
-2518
1578
-470
-2517
1579
-469
-2516
1580
-468
-2515
1581
-467
-2514
1582
-466
-2513
1583
-465
-2512
1584
-464
-2511
1585
-463
-2510
1586
-462
-2509
1587
-461
-2508
1588
-460
-2507
1589
-459
-2506
1590
-458
-2505
1591
-457
-2504
1592
-456
-2503
1593
-455
-2502
1594
-454
-2501
1595
-453
-2500
1596
-452
-2499
1597
-451
-2498
1598
-450
-2497
1599
-449
-2496
1600
-448
-2495
1601
-447
-2494
1602
-446
-2493
1603
-445
-2492
1604
-444
-2491
1605
-443
-2490
1606
-442
-2489
1607
-441
-2488
1608
-440
-2487
1609
-439
-2486
1610
-438
-2485
1611
-437
-2484
1612
-436
-2483
1613
-435
-2482
1614
-434
-2481
1615
-433
-2480
1616
-432
-2479
1617
-431
-2478
1618
-430
-2477
1619
-429
-2476
1620
-428
-2475
1621
-427
-2474
1622
-426
-2473
1623
-425
-2472
1624
-424
-2471
1625
-423
-2470
1626
-422
-2469
1627
-421
-2468
1628
-420
-2467
1629
-419
-2466
1630
-418
-2465
1631
-417
-2464
1632
-416
-2463
1633
-415
-2462
1634
-414
-2461
1635
-413
-2460
1636
-412
-2459
1637
-411
-2458
1638
-410
-2457
1639
-409
-2456
1640
-408
-2455
1641
-407
-2454
1642
-406
-2453
1643
-405
-2452
1644
-404
-2451
1645
-403
-2450
1646
-402
-2449
1647
-401
-2448
1648
-400
-2447
1649
-399
-2446
1650
-398
-2445
1651
-397
-2444
1652
-396
-2443
1653
-395
-2442
1654
-394
-2441
1655
-393
-2440
1656
-392
-2439
1657
-391
-2438
1658
-390
-2437
1659
-389
-2436
1660
-388
-2435
1661
-387
-2434
1662
-386
-2433
1663
-385
-2432
1664
-384
-2431
1665
-383
-2430
1666
-382
-2429
1667
-381
-2428
1668
-380
-2427
1669
-379
-2426
1670
-378
-2425
1671
-377
-2424
1672
-376
-2423
1673
-375
-2422
1674
-374
-2421
1675
-373
-2420
1676
-372
-2419
1677
-371
-2418
1678
-370
-2417
1679
-369
-2416
1680
-368
-2415
1681
-367
-2414
1682
-366
-2413
1683
-365
-2412
1684
-364
-2411
1685
-363
-2410
1686
-362
-2409
1687
-361
-2408
1688
-360
-2407
1689
-359
-2406
1690
-358
-2405
1691
-357
-2404
1692
-356
-2403
1693
-355
-2402
1694
-354
-2401
1695
-353
-2400
1696
-352
-2399
1697
-351
-2398
1698
-350
-2397
1699
-349
-2396
1700
-348
-2395
1701
-347
-2394
1702
-346
-2393
1703
-345
-2392
1704
-344
-2391
1705
-343
-2390
1706
-342
-2389
1707
-341
-2388
1708
-340
-2387
1709
-339
-2386
1710
-338
-2385
1711
-337
-2384
1712
-336
-2383
1713
-335
-2382
1714
-334
-2381
1715
-333
-2380
1716
-332
-2379
1717
-331
-2378
1718
-330
-2377
1719
-329
-2376
1720
-328
-2375
1721
-327
-2374
1722
-326
-2373
1723
-325
-2372
1724
-324
-2371
1725
-323
-2370
1726
-322
-2369
1727
-321
-2368
1728
-320
-2367
1729
-319
-2366
1730
-318
-2365
1731
-317
-2364
1732
-316
-2363
1733
-315
-2362
1734
-314
-2361
1735
-313
-2360
1736
-312
-2359
1737
-311
-2358
1738
-310
-2357
1739
-309
-2356
1740
-308
-2355
1741
-307
-2354
1742
-306
-2353
1743
-305
-2352
1744
-304
-2351
1745
-303
-2350
1746
-302
-2349
1747
-301
-2348
1748
-300
-2347
1749
-299
-2346
1750
-298
-2345
1751
-297
-2344
1752
-296
-2343
1753
-295
-2342
1754
-294
-2341
1755
-293
-2340
1756
-292
-2339
1757
-291
-2338
1758
-290
-2337
1759
-289
-2336
1760
-288
-2335
1761
-287
-2334
1762
-286
-2333
1763
-285
-2332
1764
-284
-2331
1765
-283
-2330
1766
-282
-2329
1767
-281
-2328
1768
-280
-2327
1769
-279
-2326
1770
-278
-2325
1771
-277
-2324
1772
-276
-2323
1773
-275
-2322
1774
-274
-2321
1775
-273
-2320
1776
-272
-2319
1777
-271
-2318
1778
-270
-2317
1779
-269
-2316
1780
-268
-2315
1781
-267
-2314
1782
-266
-2313
1783
-265
-2312
1784
-264
-2311
1785
-263
-2310
1786
-262
-2309
1787
-261
-2308
1788
-260
-2307
1789
-259
-2306
1790
-258
-2305
1791
-257
-2304
1792
-256
-2303
1793
-255
-2302
1794
-254
-2301
1795
-253
-2300
1796
-252
-2299
1797
-251
-2298
1798
-250
-2297
1799
-249
-2296
1800
-248
-2295
1801
-247
-2294
1802
-246
-2293
1803
-245
-2292
1804
-244
-2291
1805
-243
-2290
1806
-242
-2289
1807
-241
-2288
1808
-240
-2287
1809
-239
-2286
1810
-238
-2285
1811
-237
-2284
1812
-236
-2283
1813
-235
-2282
1814
-234
-2281
1815
-233
-2280
1816
-232
-2279
1817
-231
-2278
1818
-230
-2277
1819
-229
-2276
1820
-228
-2275
1821
-227
-2274
1822
-226
-2273
1823
-225
-2272
1824
-224
-2271
1825
-223
-2270
1826
-222
-2269
1827
-221
-2268
1828
-220
-2267
1829
-219
-2266
1830
-218
-2265
1831
-217
-2264
1832
-216
-2263
1833
-215
-2262
1834
-214
-2261
1835
-213
-2260
1836
-212
-2259
1837
-211
-2258
1838
-210
-2257
1839
-209
-2256
1840
-208
-2255
1841
-207
-2254
1842
-206
-2253
1843
-205
-2252
1844
-204
-2251
1845
-203
-2250
1846
-202
-2249
1847
-201
-2248
1848
-200
-2247
1849
-199
-2246
1850
-198
-2245
1851
-197
-2244
1852
-196
-2243
1853
-195
-2242
1854
-194
-2241
1855
-193
-2240
1856
-192
-2239
1857
-191
-2238
1858
-190
-2237
1859
-189
-2236
1860
-188
-2235
1861
-187
-2234
1862
-186
-2233
1863
-185
-2232
1864
-184
-2231
1865
-183
-2230
1866
-182
-2229
1867
-181
-2228
1868
-180
-2227
1869
-179
-2226
1870
-178
-2225
1871
-177
-2224
1872
-176
-2223
1873
-175
-2222
1874
-174
-2221
1875
-173
-2220
1876
-172
-2219
1877
-171
-2218
1878
-170
-2217
1879
-169
-2216
1880
-168
-2215
1881
-167
-2214
1882
-166
-2213
1883
-165
-2212
1884
-164
-2211
1885
-163
-2210
1886
-162
-2209
1887
-161
-2208
1888
-160
-2207
1889
-159
-2206
1890
-158
-2205
1891
-157
-2204
1892
-156
-2203
1893
-155
-2202
1894
-154
-2201
1895
-153
-2200
1896
-152
-2199
1897
-151
-2198
1898
-150
-2197
1899
-149
-2196
1900
-148
-2195
1901
-147
-2194
1902
-146
-2193
1903
-145
-2192
1904
-144
-2191
1905
-143
-2190
1906
-142
-2189
1907
-141
-2188
1908
-140
-2187
1909
-139
-2186
1910
-138
-2185
1911
-137
-2184
1912
-136
-2183
1913
-135
-2182
1914
-134
-2181
1915
-133
-2180
1916
-132
-2179
1917
-131
-2178
1918
-130
-2177
1919
-129
-2176
1920
-128
-2175
1921
-127
-2174
1922
-126
-2173
1923
-125
-2172
1924
-124
-2171
1925
-123
-2170
1926
-122
-2169
1927
-121
-2168
1928
-120
-2167
1929
-119
-2166
1930
-118
-2165
1931
-117
-2164
1932
-116
-2163
1933
-115
-2162
1934
-114
-2161
1935
-113
-2160
1936
-112
-2159
1937
-111
-2158
1938
-110
-2157
1939
-109
-2156
1940
-108
-2155
1941
-107
-2154
1942
-106
-2153
1943
-105
-2152
1944
-104
-2151
1945
-103
-2150
1946
-102
-2149
1947
-101
-2148
1948
-100
-2147
1949
-99
-2146
1950
-98
-2145
1951
-97
-2144
1952
-96
-2143
1953
-95
-2142
1954
-94
-2141
1955
-93
-2140
1956
-92
-2139
1957
-91
-2138
1958
-90
-2137
1959
-89
-2136
1960
-88
-2135
1961
-87
-2134
1962
-86
-2133
1963
-85
-2132
1964
-84
-2131
1965
-83
-2130
1966
-82
-2129
1967
-81
-2128
1968
-80
-2127
1969
-79
-2126
1970
-78
-2125
1971
-77
-2124
1972
-76
-2123
1973
-75
-2122
1974
-74
-2121
1975
-73
-2120
1976
-72
-2119
1977
-71
-2118
1978
-70
-2117
1979
-69
-2116
1980
-68
-2115
1981
-67
-2114
1982
-66
-2113
1983
-65
-2112
1984
-64
-2111
1985
-63
-2110
1986
-62
-2109
1987
-61
-2108
1988
-60
-2107
1989
-59
-2106
1990
-58
-2105
1991
-57
-2104
1992
-56
-2103
1993
-55
-2102
1994
-54
-2101
1995
-53
-2100
1996
-52
-2099
1997
-51
-2098
1998
-50
-2097
1999
-49
-2096
2000
-48
-2095
2001
-47
-2094
2002
-46
-2093
2003
-45
-2092
2004
-44
-2091
2005
-43
-2090
2006
-42
-2089
2007
-41
-2088
2008
-40
-2087
2009
-39
-2086
2010
-38
-2085
2011
-37
-2084
2012
-36
-2083
2013
-35
-2082
2014
-34
-2081
2015
-33
-2080
2016
-32
-2079
2017
-31
-2078
2018
-30
-2077
2019
-29
-2076
2020
-28
-2075
2021
-27
-2074
2022
-26
-2073
2023
-25
-2072
2024
-24
-2071
2025
-23
-2070
2026
-22
-2069
2027
-21
-2068
2028
-20
-2067
2029
-19
-2066
2030
-18
-2065
2031
-17
-2064
2032
-16
-2063
2033
-15
-2062
2034
-14
-2061
2035
-13
-2060
2036
-12
-2059
2037
-11
-2058
2038
-10
-2057
2039
-9
-2056
2040
-8
-2055
2041
-7
-2054
2042
-6
-2053
2043
-5
-2052
2044
-4
-2051
2045
-3
-2050
2046
-2
-2049
2047
-1
-2048
2048
0
-2047
2049
1
-2046
2050
2
-2045
2051
3
-2044
2052
4
-2043
2053
5
-2042
2054
6
-2041
2055
7
-2040
2056
8
-2039
2057
9
-2038
2058
10
-2037
2059
11
-2036
2060
12
-2035
2061
13
-2034
2062
14
-2033
2063
15
-2032
2064
16
-2031
2065
17
-2030
2066
18
-2029
2067
19
-2028
2068
20
-2027
2069
21
-2026
2070
22
-2025
2071
23
-2024
2072
24
-2023
2073
25
-2022
2074
26
-2021
2075
27
-2020
2076
28
-2019
2077
29
-2018
2078
30
-2017
2079
31
-2016
2080
32
-2015
2081
33
-2014
2082
34
-2013
2083
35
-2012
2084
36
-2011
2085
37
-2010
2086
38
-2009
2087
39
-2008
2088
40
-2007
2089
41
-2006
2090
42
-2005
2091
43
-2004
2092
44
-2003
2093
45
-2002
2094
46
-2001
2095
47
-2000
2096
48
-1999
2097
49
-1998
2098
50
-1997
2099
51
-1996
2100
52
-1995
2101
53
-1994
2102
54
-1993
2103
55
-1992
2104
56
-1991
2105
57
-1990
2106
58
-1989
2107
59
-1988
2108
60
-1987
2109
61
-1986
2110
62
-1985
2111
63
-1984
2112
64
-1983
2113
65
-1982
2114
66
-1981
2115
67
-1980
2116
68
-1979
2117
69
-1978
2118
70
-1977
2119
71
-1976
2120
72
-1975
2121
73
-1974
2122
74
-1973
2123
75
-1972
2124
76
-1971
2125
77
-1970
2126
78
-1969
2127
79
-1968
2128
80
-1967
2129
81
-1966
2130
82
-1965
2131
83
-1964
2132
84
-1963
2133
85
-1962
2134
86
-1961
2135
87
-1960
2136
88
-1959
2137
89
-1958
2138
90
-1957
2139
91
-1956
2140
92
-1955
2141
93
-1954
2142
94
-1953
2143
95
-1952
2144
96
-1951
2145
97
-1950
2146
98
-1949
2147
99
-1948
2148
100
-1947
2149
101
-1946
2150
102
-1945
2151
103
-1944
2152
104
-1943
2153
105
-1942
2154
106
-1941
2155
107
-1940
2156
108
-1939
2157
109
-1938
2158
110
-1937
2159
111
-1936
2160
112
-1935
2161
113
-1934
2162
114
-1933
2163
115
-1932
2164
116
-1931
2165
117
-1930
2166
118
-1929
2167
119
-1928
2168
120
-1927
2169
121
-1926
2170
122
-1925
2171
123
-1924
2172
124
-1923
2173
125
-1922
2174
126
-1921
2175
127
-1920
2176
128
-1919
2177
129
-1918
2178
130
-1917
2179
131
-1916
2180
132
-1915
2181
133
-1914
2182
134
-1913
2183
135
-1912
2184
136
-1911
2185
137
-1910
2186
138
-1909
2187
139
-1908
2188
140
-1907
2189
141
-1906
2190
142
-1905
2191
143
-1904
2192
144
-1903
2193
145
-1902
2194
146
-1901
2195
147
-1900
2196
148
-1899
2197
149
-1898
2198
150
-1897
2199
151
-1896
2200
152
-1895
2201
153
-1894
2202
154
-1893
2203
155
-1892
2204
156
-1891
2205
157
-1890
2206
158
-1889
2207
159
-1888
2208
160
-1887
2209
161
-1886
2210
162
-1885
2211
163
-1884
2212
164
-1883
2213
165
-1882
2214
166
-1881
2215
167
-1880
2216
168
-1879
2217
169
-1878
2218
170
-1877
2219
171
-1876
2220
172
-1875
2221
173
-1874
2222
174
-1873
2223
175
-1872
2224
176
-1871
2225
177
-1870
2226
178
-1869
2227
179
-1868
2228
180
-1867
2229
181
-1866
2230
182
-1865
2231
183
-1864
2232
184
-1863
2233
185
-1862
2234
186
-1861
2235
187
-1860
2236
188
-1859
2237
189
-1858
2238
190
-1857
2239
191
-1856
2240
192
-1855
2241
193
-1854
2242
194
-1853
2243
195
-1852
2244
196
-1851
2245
197
-1850
2246
198
-1849
2247
199
-1848
2248
200
-1847
2249
201
-1846
2250
202
-1845
2251
203
-1844
2252
204
-1843
2253
205
-1842
2254
206
-1841
2255
207
-1840
2256
208
-1839
2257
209
-1838
2258
210
-1837
2259
211
-1836
2260
212
-1835
2261
213
-1834
2262
214
-1833
2263
215
-1832
2264
216
-1831
2265
217
-1830
2266
218
-1829
2267
219
-1828
2268
220
-1827
2269
221
-1826
2270
222
-1825
2271
223
-1824
2272
224
-1823
2273
225
-1822
2274
226
-1821
2275
227
-1820
2276
228
-1819
2277
229
-1818
2278
230
-1817
2279
231
-1816
2280
232
-1815
2281
233
-1814
2282
234
-1813
2283
235
-1812
2284
236
-1811
2285
237
-1810
2286
238
-1809
2287
239
-1808
2288
240
-1807
2289
241
-1806
2290
242
-1805
2291
243
-1804
2292
244
-1803
2293
245
-1802
2294
246
-1801
2295
247
-1800
2296
248
-1799
2297
249
-1798
2298
250
-1797
2299
251
-1796
2300
252
-1795
2301
253
-1794
2302
254
-1793
2303
255
-1792
2304
256
-1791
2305
257
-1790
2306
258
-1789
2307
259
-1788
2308
260
-1787
2309
261
-1786
2310
262
-1785
2311
263
-1784
2312
264
-1783
2313
265
-1782
2314
266
-1781
2315
267
-1780
2316
268
-1779
2317
269
-1778
2318
270
-1777
2319
271
-1776
2320
272
-1775
2321
273
-1774
2322
274
-1773
2323
275
-1772
2324
276
-1771
2325
277
-1770
2326
278
-1769
2327
279
-1768
2328
280
-1767
2329
281
-1766
2330
282
-1765
2331
283
-1764
2332
284
-1763
2333
285
-1762
2334
286
-1761
2335
287
-1760
2336
288
-1759
2337
289
-1758
2338
290
-1757
2339
291
-1756
2340
292
-1755
2341
293
-1754
2342
294
-1753
2343
295
-1752
2344
296
-1751
2345
297
-1750
2346
298
-1749
2347
299
-1748
2348
300
-1747
2349
301
-1746
2350
302
-1745
2351
303
-1744
2352
304
-1743
2353
305
-1742
2354
306
-1741
2355
307
-1740
2356
308
-1739
2357
309
-1738
2358
310
-1737
2359
311
-1736
2360
312
-1735
2361
313
-1734
2362
314
-1733
2363
315
-1732
2364
316
-1731
2365
317
-1730
2366
318
-1729
2367
319
-1728
2368
320
-1727
2369
321
-1726
2370
322
-1725
2371
323
-1724
2372
324
-1723
2373
325
-1722
2374
326
-1721
2375
327
-1720
2376
328
-1719
2377
329
-1718
2378
330
-1717
2379
331
-1716
2380
332
-1715
2381
333
-1714
2382
334
-1713
2383
335
-1712
2384
336
-1711
2385
337
-1710
2386
338
-1709
2387
339
-1708
2388
340
-1707
2389
341
-1706
2390
342
-1705
2391
343
-1704
2392
344
-1703
2393
345
-1702
2394
346
-1701
2395
347
-1700
2396
348
-1699
2397
349
-1698
2398
350
-1697
2399
351
-1696
2400
352
-1695
2401
353
-1694
2402
354
-1693
2403
355
-1692
2404
356
-1691
2405
357
-1690
2406
358
-1689
2407
359
-1688
2408
360
-1687
2409
361
-1686
2410
362
-1685
2411
363
-1684
2412
364
-1683
2413
365
-1682
2414
366
-1681
2415
367
-1680
2416
368
-1679
2417
369
-1678
2418
370
-1677
2419
371
-1676
2420
372
-1675
2421
373
-1674
2422
374
-1673
2423
375
-1672
2424
376
-1671
2425
377
-1670
2426
378
-1669
2427
379
-1668
2428
380
-1667
2429
381
-1666
2430
382
-1665
2431
383
-1664
2432
384
-1663
2433
385
-1662
2434
386
-1661
2435
387
-1660
2436
388
-1659
2437
389
-1658
2438
390
-1657
2439
391
-1656
2440
392
-1655
2441
393
-1654
2442
394
-1653
2443
395
-1652
2444
396
-1651
2445
397
-1650
2446
398
-1649
2447
399
-1648
2448
400
-1647
2449
401
-1646
2450
402
-1645
2451
403
-1644
2452
404
-1643
2453
405
-1642
2454
406
-1641
2455
407
-1640
2456
408
-1639
2457
409
-1638
2458
410
-1637
2459
411
-1636
2460
412
-1635
2461
413
-1634
2462
414
-1633
2463
415
-1632
2464
416
-1631
2465
417
-1630
2466
418
-1629
2467
419
-1628
2468
420
-1627
2469
421
-1626
2470
422
-1625
2471
423
-1624
2472
424
-1623
2473
425
-1622
2474
426
-1621
2475
427
-1620
2476
428
-1619
2477
429
-1618
2478
430
-1617
2479
431
-1616
2480
432
-1615
2481
433
-1614
2482
434
-1613
2483
435
-1612
2484
436
-1611
2485
437
-1610
2486
438
-1609
2487
439
-1608
2488
440
-1607
2489
441
-1606
2490
442
-1605
2491
443
-1604
2492
444
-1603
2493
445
-1602
2494
446
-1601
2495
447
-1600
2496
448
-1599
2497
449
-1598
2498
450
-1597
2499
451
-1596
2500
452
-1595
2501
453
-1594
2502
454
-1593
2503
455
-1592
2504
456
-1591
2505
457
-1590
2506
458
-1589
2507
459
-1588
2508
460
-1587
2509
461
-1586
2510
462
-1585
2511
463
-1584
2512
464
-1583
2513
465
-1582
2514
466
-1581
2515
467
-1580
2516
468
-1579
2517
469
-1578
2518
470
-1577
2519
471
-1576
2520
472
-1575
2521
473
-1574
2522
474
-1573
2523
475
-1572
2524
476
-1571
2525
477
-1570
2526
478
-1569
2527
479
-1568
2528
480
-1567
2529
481
-1566
2530
482
-1565
2531
483
-1564
2532
484
-1563
2533
485
-1562
2534
486
-1561
2535
487
-1560
2536
488
-1559
2537
489
-1558
2538
490
-1557
2539
491
-1556
2540
492
-1555
2541
493
-1554
2542
494
-1553
2543
495
-1552
2544
496
-1551
2545
497
-1550
2546
498
-1549
2547
499
-1548
2548
500
-1547
2549
501
-1546
2550
502
-1545
2551
503
-1544
2552
504
-1543
2553
505
-1542
2554
506
-1541
2555
507
-1540
2556
508
-1539
2557
509
-1538
2558
510
-1537
2559
511
-1536
2560
512
-1535
2561
513
-1534
2562
514
-1533
2563
515
-1532
2564
516
-1531
2565
517
-1530
2566
518
-1529
2567
519
-1528
2568
520
-1527
2569
521
-1526
2570
522
-1525
2571
523
-1524
2572
524
-1523
2573
525
-1522
2574
526
-1521
2575
527
-1520
2576
528
-1519
2577
529
-1518
2578
530
-1517
2579
531
-1516
2580
532
-1515
2581
533
-1514
2582
534
-1513
2583
535
-1512
2584
536
-1511
2585
537
-1510
2586
538
-1509
2587
539
-1508
2588
540
-1507
2589
541
-1506
2590
542
-1505
2591
543
-1504
2592
544
-1503
2593
545
-1502
2594
546
-1501
2595
547
-1500
2596
548
-1499
2597
549
-1498
2598
550
-1497
2599
551
-1496
2600
552
-1495
2601
553
-1494
2602
554
-1493
2603
555
-1492
2604
556
-1491
2605
557
-1490
2606
558
-1489
2607
559
-1488
2608
560
-1487
2609
561
-1486
2610
562
-1485
2611
563
-1484
2612
564
-1483
2613
565
-1482
2614
566
-1481
2615
567
-1480
2616
568
-1479
2617
569
-1478
2618
570
-1477
2619
571
-1476
2620
572
-1475
2621
573
-1474
2622
574
-1473
2623
575
-1472
2624
576
-1471
2625
577
-1470
2626
578
-1469
2627
579
-1468
2628
580
-1467
2629
581
-1466
2630
582
-1465
2631
583
-1464
2632
584
-1463
2633
585
-1462
2634
586
-1461
2635
587
-1460
2636
588
-1459
2637
589
-1458
2638
590
-1457
2639
591
-1456
2640
592
-1455
2641
593
-1454
2642
594
-1453
2643
595
-1452
2644
596
-1451
2645
597
-1450
2646
598
-1449
2647
599
-1448
2648
600
-1447
2649
601
-1446
2650
602
-1445
2651
603
-1444
2652
604
-1443
2653
605
-1442
2654
606
-1441
2655
607
-1440
2656
608
-1439
2657
609
-1438
2658
610
-1437
2659
611
-1436
2660
612
-1435
2661
613
-1434
2662
614
-1433
2663
615
-1432
2664
616
-1431
2665
617
-1430
2666
618
-1429
2667
619
-1428
2668
620
-1427
2669
621
-1426
2670
622
-1425
2671
623
-1424
2672
624
-1423
2673
625
-1422
2674
626
-1421
2675
627
-1420
2676
628
-1419
2677
629
-1418
2678
630
-1417
2679
631
-1416
2680
632
-1415
2681
633
-1414
2682
634
-1413
2683
635
-1412
2684
636
-1411
2685
637
-1410
2686
638
-1409
2687
639
-1408
2688
640
-1407
2689
641
-1406
2690
642
-1405
2691
643
-1404
2692
644
-1403
2693
645
-1402
2694
646
-1401
2695
647
-1400
2696
648
-1399
2697
649
-1398
2698
650
-1397
2699
651
-1396
2700
652
-1395
2701
653
-1394
2702
654
-1393
2703
655
-1392
2704
656
-1391
2705
657
-1390
2706
658
-1389
2707
659
-1388
2708
660
-1387
2709
661
-1386
2710
662
-1385
2711
663
-1384
2712
664
-1383
2713
665
-1382
2714
666
-1381
2715
667
-1380
2716
668
-1379
2717
669
-1378
2718
670
-1377
2719
671
-1376
2720
672
-1375
2721
673
-1374
2722
674
-1373
2723
675
-1372
2724
676
-1371
2725
677
-1370
2726
678
-1369
2727
679
-1368
2728
680
-1367
2729
681
-1366
2730
682
-1365
2731
683
-1364
2732
684
-1363
2733
685
-1362
2734
686
-1361
2735
687
-1360
2736
688
-1359
2737
689
-1358
2738
690
-1357
2739
691
-1356
2740
692
-1355
2741
693
-1354
2742
694
-1353
2743
695
-1352
2744
696
-1351
2745
697
-1350
2746
698
-1349
2747
699
-1348
2748
700
-1347
2749
701
-1346
2750
702
-1345
2751
703
-1344
2752
704
-1343
2753
705
-1342
2754
706
-1341
2755
707
-1340
2756
708
-1339
2757
709
-1338
2758
710
-1337
2759
711
-1336
2760
712
-1335
2761
713
-1334
2762
714
-1333
2763
715
-1332
2764
716
-1331
2765
717
-1330
2766
718
-1329
2767
719
-1328
2768
720
-1327
2769
721
-1326
2770
722
-1325
2771
723
-1324
2772
724
-1323
2773
725
-1322
2774
726
-1321
2775
727
-1320
2776
728
-1319
2777
729
-1318
2778
730
-1317
2779
731
-1316
2780
732
-1315
2781
733
-1314
2782
734
-1313
2783
735
-1312
2784
736
-1311
2785
737
-1310
2786
738
-1309
2787
739
-1308
2788
740
-1307
2789
741
-1306
2790
742
-1305
2791
743
-1304
2792
744
-1303
2793
745
-1302
2794
746
-1301
2795
747
-1300
2796
748
-1299
2797
749
-1298
2798
750
-1297
2799
751
-1296
2800
752
-1295
2801
753
-1294
2802
754
-1293
2803
755
-1292
2804
756
-1291
2805
757
-1290
2806
758
-1289
2807
759
-1288
2808
760
-1287
2809
761
-1286
2810
762
-1285
2811
763
-1284
2812
764
-1283
2813
765
-1282
2814
766
-1281
2815
767
-1280
2816
768
-1279
2817
769
-1278
2818
770
-1277
2819
771
-1276
2820
772
-1275
2821
773
-1274
2822
774
-1273
2823
775
-1272
2824
776
-1271
2825
777
-1270
2826
778
-1269
2827
779
-1268
2828
780
-1267
2829
781
-1266
2830
782
-1265
2831
783
-1264
2832
784
-1263
2833
785
-1262
2834
786
-1261
2835
787
-1260
2836
788
-1259
2837
789
-1258
2838
790
-1257
2839
791
-1256
2840
792
-1255
2841
793
-1254
2842
794
-1253
2843
795
-1252
2844
796
-1251
2845
797
-1250
2846
798
-1249
2847
799
-1248
2848
800
-1247
2849
801
-1246
2850
802
-1245
2851
803
-1244
2852
804
-1243
2853
805
-1242
2854
806
-1241
2855
807
-1240
2856
808
-1239
2857
809
-1238
2858
810
-1237
2859
811
-1236
2860
812
-1235
2861
813
-1234
2862
814
-1233
2863
815
-1232
2864
816
-1231
2865
817
-1230
2866
818
-1229
2867
819
-1228
2868
820
-1227
2869
821
-1226
2870
822
-1225
2871
823
-1224
2872
824
-1223
2873
825
-1222
2874
826
-1221
2875
827
-1220
2876
828
-1219
2877
829
-1218
2878
830
-1217
2879
831
-1216
2880
832
-1215
2881
833
-1214
2882
834
-1213
2883
835
-1212
2884
836
-1211
2885
837
-1210
2886
838
-1209
2887
839
-1208
2888
840
-1207
2889
841
-1206
2890
842
-1205
2891
843
-1204
2892
844
-1203
2893
845
-1202
2894
846
-1201
2895
847
-1200
2896
848
-1199
2897
849
-1198
2898
850
-1197
2899
851
-1196
2900
852
-1195
2901
853
-1194
2902
854
-1193
2903
855
-1192
2904
856
-1191
2905
857
-1190
2906
858
-1189
2907
859
-1188
2908
860
-1187
2909
861
-1186
2910
862
-1185
2911
863
-1184
2912
864
-1183
2913
865
-1182
2914
866
-1181
2915
867
-1180
2916
868
-1179
2917
869
-1178
2918
870
-1177
2919
871
-1176
2920
872
-1175
2921
873
-1174
2922
874
-1173
2923
875
-1172
2924
876
-1171
2925
877
-1170
2926
878
-1169
2927
879
-1168
2928
880
-1167
2929
881
-1166
2930
882
-1165
2931
883
-1164
2932
884
-1163
2933
885
-1162
2934
886
-1161
2935
887
-1160
2936
888
-1159
2937
889
-1158
2938
890
-1157
2939
891
-1156
2940
892
-1155
2941
893
-1154
2942
894
-1153
2943
895
-1152
2944
896
-1151
2945
897
-1150
2946
898
-1149
2947
899
-1148
2948
900
-1147
2949
901
-1146
2950
902
-1145
2951
903
-1144
2952
904
-1143
2953
905
-1142
2954
906
-1141
2955
907
-1140
2956
908
-1139
2957
909
-1138
2958
910
-1137
2959
911
-1136
2960
912
-1135
2961
913
-1134
2962
914
-1133
2963
915
-1132
2964
916
-1131
2965
917
-1130
2966
918
-1129
2967
919
-1128
2968
920
-1127
2969
921
-1126
2970
922
-1125
2971
923
-1124
2972
924
-1123
2973
925
-1122
2974
926
-1121
2975
927
-1120
2976
928
-1119
2977
929
-1118
2978
930
-1117
2979
931
-1116
2980
932
-1115
2981
933
-1114
2982
934
-1113
2983
935
-1112
2984
936
-1111
2985
937
-1110
2986
938
-1109
2987
939
-1108
2988
940
-1107
2989
941
-1106
2990
942
-1105
2991
943
-1104
2992
944
-1103
2993
945
-1102
2994
946
-1101
2995
947
-1100
2996
948
-1099
2997
949
-1098
2998
950
-1097
2999
951
-1096
3000
952
-1095
3001
953
-1094
3002
954
-1093
3003
955
-1092
3004
956
-1091
3005
957
-1090
3006
958
-1089
3007
959
-1088
3008
960
-1087
3009
961
-1086
3010
962
-1085
3011
963
-1084
3012
964
-1083
3013
965
-1082
3014
966
-1081
3015
967
-1080
3016
968
-1079
3017
969
-1078
3018
970
-1077
3019
971
-1076
3020
972
-1075
3021
973
-1074
3022
974
-1073
3023
975
-1072
3024
976
-1071
3025
977
-1070
3026
978
-1069
3027
979
-1068
3028
980
-1067
3029
981
-1066
3030
982
-1065
3031
983
-1064
3032
984
-1063
3033
985
-1062
3034
986
-1061
3035
987
-1060
3036
988
-1059
3037
989
-1058
3038
990
-1057
3039
991
-1056
3040
992
-1055
3041
993
-1054
3042
994
-1053
3043
995
-1052
3044
996
-1051
3045
997
-1050
3046
998
-1049
3047
999
-1048
3048
1000
-1047
3049
1001
-1046
3050
1002
-1045
3051
1003
-1044
3052
1004
-1043
3053
1005
-1042
3054
1006
-1041
3055
1007
-1040
3056
1008
-1039
3057
1009
-1038
3058
1010
-1037
3059
1011
-1036
3060
1012
-1035
3061
1013
-1034
3062
1014
-1033
3063
1015
-1032
3064
1016
-1031
3065
1017
-1030
3066
1018
-1029
3067
1019
-1028
3068
1020
-1027
3069
1021
-1026
3070
1022
-1025
3071
1023
-1024
3072
1024
-1023
3073
1025
-1022
3074
1026
-1021
3075
1027
-1020
3076
1028
-1019
3077
1029
-1018
3078
1030
-1017
3079
1031
-1016
3080
1032
-1015
3081
1033
-1014
3082
1034
-1013
3083
1035
-1012
3084
1036
-1011
3085
1037
-1010
3086
1038
-1009
3087
1039
-1008
3088
1040
-1007
3089
1041
-1006
3090
1042
-1005
3091
1043
-1004
3092
1044
-1003
3093
1045
-1002
3094
1046
-1001
3095
1047
-1000
3096
1048
-999
3097
1049
-998
3098
1050
-997
3099
1051
-996
3100
1052
-995
3101
1053
-994
3102
1054
-993
3103
1055
-992
3104
1056
-991
3105
1057
-990
3106
1058
-989
3107
1059
-988
3108
1060
-987
3109
1061
-986
3110
1062
-985
3111
1063
-984
3112
1064
-983
3113
1065
-982
3114
1066
-981
3115
1067
-980
3116
1068
-979
3117
1069
-978
3118
1070
-977
3119
1071
-976
3120
1072
-975
3121
1073
-974
3122
1074
-973
3123
1075
-972
3124
1076
-971
3125
1077
-970
3126
1078
-969
3127
1079
-968
3128
1080
-967
3129
1081
-966
3130
1082
-965
3131
1083
-964
3132
1084
-963
3133
1085
-962
3134
1086
-961
3135
1087
-960
3136
1088
-959
3137
1089
-958
3138
1090
-957
3139
1091
-956
3140
1092
-955
3141
1093
-954
3142
1094
-953
3143
1095
-952
3144
1096
-951
3145
1097
-950
3146
1098
-949
3147
1099
-948
3148
1100
-947
3149
1101
-946
3150
1102
-945
3151
1103
-944
3152
1104
-943
3153
1105
-942
3154
1106
-941
3155
1107
-940
3156
1108
-939
3157
1109
-938
3158
1110
-937
3159
1111
-936
3160
1112
-935
3161
1113
-934
3162
1114
-933
3163
1115
-932
3164
1116
-931
3165
1117
-930
3166
1118
-929
3167
1119
-928
3168
1120
-927
3169
1121
-926
3170
1122
-925
3171
1123
-924
3172
1124
-923
3173
1125
-922
3174
1126
-921
3175
1127
-920
3176
1128
-919
3177
1129
-918
3178
1130
-917
3179
1131
-916
3180
1132
-915
3181
1133
-914
3182
1134
-913
3183
1135
-912
3184
1136
-911
3185
1137
-910
3186
1138
-909
3187
1139
-908
3188
1140
-907
3189
1141
-906
3190
1142
-905
3191
1143
-904
3192
1144
-903
3193
1145
-902
3194
1146
-901
3195
1147
-900
3196
1148
-899
3197
1149
-898
3198
1150
-897
3199
1151
-896
3200
1152
-895
3201
1153
-894
3202
1154
-893
3203
1155
-892
3204
1156
-891
3205
1157
-890
3206
1158
-889
3207
1159
-888
3208
1160
-887
3209
1161
-886
3210
1162
-885
3211
1163
-884
3212
1164
-883
3213
1165
-882
3214
1166
-881
3215
1167
-880
3216
1168
-879
3217
1169
-878
3218
1170
-877
3219
1171
-876
3220
1172
-875
3221
1173
-874
3222
1174
-873
3223
1175
-872
3224
1176
-871
3225
1177
-870
3226
1178
-869
3227
1179
-868
3228
1180
-867
3229
1181
-866
3230
1182
-865
3231
1183
-864
3232
1184
-863
3233
1185
-862
3234
1186
-861
3235
1187
-860
3236
1188
-859
3237
1189
-858
3238
1190
-857
3239
1191
-856
3240
1192
-855
3241
1193
-854
3242
1194
-853
3243
1195
-852
3244
1196
-851
3245
1197
-850
3246
1198
-849
3247
1199
-848
3248
1200
-847
3249
1201
-846
3250
1202
-845
3251
1203
-844
3252
1204
-843
3253
1205
-842
3254
1206
-841
3255
1207
-840
3256
1208
-839
3257
1209
-838
3258
1210
-837
3259
1211
-836
3260
1212
-835
3261
1213
-834
3262
1214
-833
3263
1215
-832
3264
1216
-831
3265
1217
-830
3266
1218
-829
3267
1219
-828
3268
1220
-827
3269
1221
-826
3270
1222
-825
3271
1223
-824
3272
1224
-823
3273
1225
-822
3274
1226
-821
3275
1227
-820
3276
1228
-819
3277
1229
-818
3278
1230
-817
3279
1231
-816
3280
1232
-815
3281
1233
-814
3282
1234
-813
3283
1235
-812
3284
1236
-811
3285
1237
-810
3286
1238
-809
3287
1239
-808
3288
1240
-807
3289
1241
-806
3290
1242
-805
3291
1243
-804
3292
1244
-803
3293
1245
-802
3294
1246
-801
3295
1247
-800
3296
1248
-799
3297
1249
-798
3298
1250
-797
3299
1251
-796
3300
1252
-795
3301
1253
-794
3302
1254
-793
3303
1255
-792
3304
1256
-791
3305
1257
-790
3306
1258
-789
3307
1259
-788
3308
1260
-787
3309
1261
-786
3310
1262
-785
3311
1263
-784
3312
1264
-783
3313
1265
-782
3314
1266
-781
3315
1267
-780
3316
1268
-779
3317
1269
-778
3318
1270
-777
3319
1271
-776
3320
1272
-775
3321
1273
-774
3322
1274
-773
3323
1275
-772
3324
1276
-771
3325
1277
-770
3326
1278
-769
3327
1279
-768
3328
1280
-767
3329
1281
-766
3330
1282
-765
3331
1283
-764
3332
1284
-763
3333
1285
-762
3334
1286
-761
3335
1287
-760
3336
1288
-759
3337
1289
-758
3338
1290
-757
3339
1291
-756
3340
1292
-755
3341
1293
-754
3342
1294
-753
3343
1295
-752
3344
1296
-751
3345
1297
-750
3346
1298
-749
3347
1299
-748
3348
1300
-747
3349
1301
-746
3350
1302
-745
3351
1303
-744
3352
1304
-743
3353
1305
-742
3354
1306
-741
3355
1307
-740
3356
1308
-739
3357
1309
-738
3358
1310
-737
3359
1311
-736
3360
1312
-735
3361
1313
-734
3362
1314
-733
3363
1315
-732
3364
1316
-731
3365
1317
-730
3366
1318
-729
3367
1319
-728
3368
1320
-727
3369
1321
-726
3370
1322
-725
3371
1323
-724
3372
1324
-723
3373
1325
-722
3374
1326
-721
3375
1327
-720
3376
1328
-719
3377
1329
-718
3378
1330
-717
3379
1331
-716
3380
1332
-715
3381
1333
-714
3382
1334
-713
3383
1335
-712
3384
1336
-711
3385
1337
-710
3386
1338
-709
3387
1339
-708
3388
1340
-707
3389
1341
-706
3390
1342
-705
3391
1343
-704
3392
1344
-703
3393
1345
-702
3394
1346
-701
3395
1347
-700
3396
1348
-699
3397
1349
-698
3398
1350
-697
3399
1351
-696
3400
1352
-695
3401
1353
-694
3402
1354
-693
3403
1355
-692
3404
1356
-691
3405
1357
-690
3406
1358
-689
3407
1359
-688
3408
1360
-687
3409
1361
-686
3410
1362
-685
3411
1363
-684
3412
1364
-683
3413
1365
-682
3414
1366
-681
3415
1367
-680
3416
1368
-679
3417
1369
-678
3418
1370
-677
3419
1371
-676
3420
1372
-675
3421
1373
-674
3422
1374
-673
3423
1375
-672
3424
1376
-671
3425
1377
-670
3426
1378
-669
3427
1379
-668
3428
1380
-667
3429
1381
-666
3430
1382
-665
3431
1383
-664
3432
1384
-663
3433
1385
-662
3434
1386
-661
3435
1387
-660
3436
1388
-659
3437
1389
-658
3438
1390
-657
3439
1391
-656
3440
1392
-655
3441
1393
-654
3442
1394
-653
3443
1395
-652
3444
1396
-651
3445
1397
-650
3446
1398
-649
3447
1399
-648
3448
1400
-647
3449
1401
-646
3450
1402
-645
3451
1403
-644
3452
1404
-643
3453
1405
-642
3454
1406
-641
3455
1407
-640
3456
1408
-639
3457
1409
-638
3458
1410
-637
3459
1411
-636
3460
1412
-635
3461
1413
-634
3462
1414
-633
3463
1415
-632
3464
1416
-631
3465
1417
-630
3466
1418
-629
3467
1419
-628
3468
1420
-627
3469
1421
-626
3470
1422
-625
3471
1423
-624
3472
1424
-623
3473
1425
-622
3474
1426
-621
3475
1427
-620
3476
1428
-619
3477
1429
-618
3478
1430
-617
3479
1431
-616
3480
1432
-615
3481
1433
-614
3482
1434
-613
3483
1435
-612
3484
1436
-611
3485
1437
-610
3486
1438
-609
3487
1439
-608
3488
1440
-607
3489
1441
-606
3490
1442
-605
3491
1443
-604
3492
1444
-603
3493
1445
-602
3494
1446
-601
3495
1447
-600
3496
1448
-599
3497
1449
-598
3498
1450
-597
3499
1451
-596
3500
1452
-595
3501
1453
-594
3502
1454
-593
3503
1455
-592
3504
1456
-591
3505
1457
-590
3506
1458
-589
3507
1459
-588
3508
1460
-587
3509
1461
-586
3510
1462
-585
3511
1463
-584
3512
1464
-583
3513
1465
-582
3514
1466
-581
3515
1467
-580
3516
1468
-579
3517
1469
-578
3518
1470
-577
3519
1471
-576
3520
1472
-575
3521
1473
-574
3522
1474
-573
3523
1475
-572
3524
1476
-571
3525
1477
-570
3526
1478
-569
3527
1479
-568
3528
1480
-567
3529
1481
-566
3530
1482
-565
3531
1483
-564
3532
1484
-563
3533
1485
-562
3534
1486
-561
3535
1487
-560
3536
1488
-559
3537
1489
-558
3538
1490
-557
3539
1491
-556
3540
1492
-555
3541
1493
-554
3542
1494
-553
3543
1495
-552
3544
1496
-551
3545
1497
-550
3546
1498
-549
3547
1499
-548
3548
1500
-547
3549
1501
-546
3550
1502
-545
3551
1503
-544
3552
1504
-543
3553
1505
-542
3554
1506
-541
3555
1507
-540
3556
1508
-539
3557
1509
-538
3558
1510
-537
3559
1511
-536
3560
1512
-535
3561
1513
-534
3562
1514
-533
3563
1515
-532
3564
1516
-531
3565
1517
-530
3566
1518
-529
3567
1519
-528
3568
1520
-527
3569
1521
-526
3570
1522
-525
3571
1523
-524
3572
1524
-523
3573
1525
-522
3574
1526
-521
3575
1527
-520
3576
1528
-519
3577
1529
-518
3578
1530
-517
3579
1531
-516
3580
1532
-515
3581
1533
-514
3582
1534
-513
3583
1535
-512
3584
1536
-511
3585
1537
-510
3586
1538
-509
3587
1539
-508
3588
1540
-507
3589
1541
-506
3590
1542
-505
3591
1543
-504
3592
1544
-503
3593
1545
-502
3594
1546
-501
3595
1547
-500
3596
1548
-499
3597
1549
-498
3598
1550
-497
3599
1551
-496
3600
1552
-495
3601
1553
-494
3602
1554
-493
3603
1555
-492
3604
1556
-491
3605
1557
-490
3606
1558
-489
3607
1559
-488
3608
1560
-487
3609
1561
-486
3610
1562
-485
3611
1563
-484
3612
1564
-483
3613
1565
-482
3614
1566
-481
3615
1567
-480
3616
1568
-479
3617
1569
-478
3618
1570
-477
3619
1571
-476
3620
1572
-475
3621
1573
-474
3622
1574
-473
3623
1575
-472
3624
1576
-471
3625
1577
-470
3626
1578
-469
3627
1579
-468
3628
1580
-467
3629
1581
-466
3630
1582
-465
3631
1583
-464
3632
1584
-463
3633
1585
-462
3634
1586
-461
3635
1587
-460
3636
1588
-459
3637
1589
-458
3638
1590
-457
3639
1591
-456
3640
1592
-455
3641
1593
-454
3642
1594
-453
3643
1595
-452
3644
1596
-451
3645
1597
-450
3646
1598
-449
3647
1599
-448
3648
1600
-447
3649
1601
-446
3650
1602
-445
3651
1603
-444
3652
1604
-443
3653
1605
-442
3654
1606
-441
3655
1607
-440
3656
1608
-439
3657
1609
-438
3658
1610
-437
3659
1611
-436
3660
1612
-435
3661
1613
-434
3662
1614
-433
3663
1615
-432
3664
1616
-431
3665
1617
-430
3666
1618
-429
3667
1619
-428
3668
1620
-427
3669
1621
-426
3670
1622
-425
3671
1623
-424
3672
1624
-423
3673
1625
-422
3674
1626
-421
3675
1627
-420
3676
1628
-419
3677
1629
-418
3678
1630
-417
3679
1631
-416
3680
1632
-415
3681
1633
-414
3682
1634
-413
3683
1635
-412
3684
1636
-411
3685
1637
-410
3686
1638
-409
3687
1639
-408
3688
1640
-407
3689
1641
-406
3690
1642
-405
3691
1643
-404
3692
1644
-403
3693
1645
-402
3694
1646
-401
3695
1647
-400
3696
1648
-399
3697
1649
-398
3698
1650
-397
3699
1651
-396
3700
1652
-395
3701
1653
-394
3702
1654
-393
3703
1655
-392
3704
1656
-391
3705
1657
-390
3706
1658
-389
3707
1659
-388
3708
1660
-387
3709
1661
-386
3710
1662
-385
3711
1663
-384
3712
1664
-383
3713
1665
-382
3714
1666
-381
3715
1667
-380
3716
1668
-379
3717
1669
-378
3718
1670
-377
3719
1671
-376
3720
1672
-375
3721
1673
-374
3722
1674
-373
3723
1675
-372
3724
1676
-371
3725
1677
-370
3726
1678
-369
3727
1679
-368
3728
1680
-367
3729
1681
-366
3730
1682
-365
3731
1683
-364
3732
1684
-363
3733
1685
-362
3734
1686
-361
3735
1687
-360
3736
1688
-359
3737
1689
-358
3738
1690
-357
3739
1691
-356
3740
1692
-355
3741
1693
-354
3742
1694
-353
3743
1695
-352
3744
1696
-351
3745
1697
-350
3746
1698
-349
3747
1699
-348
3748
1700
-347
3749
1701
-346
3750
1702
-345
3751
1703
-344
3752
1704
-343
3753
1705
-342
3754
1706
-341
3755
1707
-340
3756
1708
-339
3757
1709
-338
3758
1710
-337
3759
1711
-336
3760
1712
-335
3761
1713
-334
3762
1714
-333
3763
1715
-332
3764
1716
-331
3765
1717
-330
3766
1718
-329
3767
1719
-328
3768
1720
-327
3769
1721
-326
3770
1722
-325
3771
1723
-324
3772
1724
-323
3773
1725
-322
3774
1726
-321
3775
1727
-320
3776
1728
-319
3777
1729
-318
3778
1730
-317
3779
1731
-316
3780
1732
-315
3781
1733
-314
3782
1734
-313
3783
1735
-312
3784
1736
-311
3785
1737
-310
3786
1738
-309
3787
1739
-308
3788
1740
-307
3789
1741
-306
3790
1742
-305
3791
1743
-304
3792
1744
-303
3793
1745
-302
3794
1746
-301
3795
1747
-300
3796
1748
-299
3797
1749
-298
3798
1750
-297
3799
1751
-296
3800
1752
-295
3801
1753
-294
3802
1754
-293
3803
1755
-292
3804
1756
-291
3805
1757
-290
3806
1758
-289
3807
1759
-288
3808
1760
-287
3809
1761
-286
3810
1762
-285
3811
1763
-284
3812
1764
-283
3813
1765
-282
3814
1766
-281
3815
1767
-280
3816
1768
-279
3817
1769
-278
3818
1770
-277
3819
1771
-276
3820
1772
-275
3821
1773
-274
3822
1774
-273
3823
1775
-272
3824
1776
-271
3825
1777
-270
3826
1778
-269
3827
1779
-268
3828
1780
-267
3829
1781
-266
3830
1782
-265
3831
1783
-264
3832
1784
-263
3833
1785
-262
3834
1786
-261
3835
1787
-260
3836
1788
-259
3837
1789
-258
3838
1790
-257
3839
1791
-256
3840
1792
-255
3841
1793
-254
3842
1794
-253
3843
1795
-252
3844
1796
-251
3845
1797
-250
3846
1798
-249
3847
1799
-248
3848
1800
-247
3849
1801
-246
3850
1802
-245
3851
1803
-244
3852
1804
-243
3853
1805
-242
3854
1806
-241
3855
1807
-240
3856
1808
-239
3857
1809
-238
3858
1810
-237
3859
1811
-236
3860
1812
-235
3861
1813
-234
3862
1814
-233
3863
1815
-232
3864
1816
-231
3865
1817
-230
3866
1818
-229
3867
1819
-228
3868
1820
-227
3869
1821
-226
3870
1822
-225
3871
1823
-224
3872
1824
-223
3873
1825
-222
3874
1826
-221
3875
1827
-220
3876
1828
-219
3877
1829
-218
3878
1830
-217
3879
1831
-216
3880
1832
-215
3881
1833
-214
3882
1834
-213
3883
1835
-212
3884
1836
-211
3885
1837
-210
3886
1838
-209
3887
1839
-208
3888
1840
-207
3889
1841
-206
3890
1842
-205
3891
1843
-204
3892
1844
-203
3893
1845
-202
3894
1846
-201
3895
1847
-200
3896
1848
-199
3897
1849
-198
3898
1850
-197
3899
1851
-196
3900
1852
-195
3901
1853
-194
3902
1854
-193
3903
1855
-192
3904
1856
-191
3905
1857
-190
3906
1858
-189
3907
1859
-188
3908
1860
-187
3909
1861
-186
3910
1862
-185
3911
1863
-184
3912
1864
-183
3913
1865
-182
3914
1866
-181
3915
1867
-180
3916
1868
-179
3917
1869
-178
3918
1870
-177
3919
1871
-176
3920
1872
-175
3921
1873
-174
3922
1874
-173
3923
1875
-172
3924
1876
-171
3925
1877
-170
3926
1878
-169
3927
1879
-168
3928
1880
-167
3929
1881
-166
3930
1882
-165
3931
1883
-164
3932
1884
-163
3933
1885
-162
3934
1886
-161
3935
1887
-160
3936
1888
-159
3937
1889
-158
3938
1890
-157
3939
1891
-156
3940
1892
-155
3941
1893
-154
3942
1894
-153
3943
1895
-152
3944
1896
-151
3945
1897
-150
3946
1898
-149
3947
1899
-148
3948
1900
-147
3949
1901
-146
3950
1902
-145
3951
1903
-144
3952
1904
-143
3953
1905
-142
3954
1906
-141
3955
1907
-140
3956
1908
-139
3957
1909
-138
3958
1910
-137
3959
1911
-136
3960
1912
-135
3961
1913
-134
3962
1914
-133
3963
1915
-132
3964
1916
-131
3965
1917
-130
3966
1918
-129
3967
1919
-128
3968
1920
-127
3969
1921
-126
3970
1922
-125
3971
1923
-124
3972
1924
-123
3973
1925
-122
3974
1926
-121
3975
1927
-120
3976
1928
-119
3977
1929
-118
3978
1930
-117
3979
1931
-116
3980
1932
-115
3981
1933
-114
3982
1934
-113
3983
1935
-112
3984
1936
-111
3985
1937
-110
3986
1938
-109
3987
1939
-108
3988
1940
-107
3989
1941
-106
3990
1942
-105
3991
1943
-104
3992
1944
-103
3993
1945
-102
3994
1946
-101
3995
1947
-100
3996
1948
-99
3997
1949
-98
3998
1950
-97
3999
1951
-96
4000
1952
-95
4001
1953
-94
4002
1954
-93
4003
1955
-92
4004
1956
-91
4005
1957
-90
4006
1958
-89
4007
1959
-88
4008
1960
-87
4009
1961
-86
4010
1962
-85
4011
1963
-84
4012
1964
-83
4013
1965
-82
4014
1966
-81
4015
1967
-80
4016
1968
-79
4017
1969
-78
4018
1970
-77
4019
1971
-76
4020
1972
-75
4021
1973
-74
4022
1974
-73
4023
1975
-72
4024
1976
-71
4025
1977
-70
4026
1978
-69
4027
1979
-68
4028
1980
-67
4029
1981
-66
4030
1982
-65
4031
1983
-64
4032
1984
-63
4033
1985
-62
4034
1986
-61
4035
1987
-60
4036
1988
-59
4037
1989
-58
4038
1990
-57
4039
1991
-56
4040
1992
-55
4041
1993
-54
4042
1994
-53
4043
1995
-52
4044
1996
-51
4045
1997
-50
4046
1998
-49
4047
1999
-48
4048
2000
-47
4049
2001
-46
4050
2002
-45
4051
2003
-44
4052
2004
-43
4053
2005
-42
4054
2006
-41
4055
2007
-40
4056
2008
-39
4057
2009
-38
4058
2010
-37
4059
2011
-36
4060
2012
-35
4061
2013
-34
4062
2014
-33
4063
2015
-32
4064
2016
-31
4065
2017
-30
4066
2018
-29
4067
2019
-28
4068
2020
-27
4069
2021
-26
4070
2022
-25
4071
2023
-24
4072
2024
-23
4073
2025
-22
4074
2026
-21
4075
2027
-20
4076
2028
-19
4077
2029
-18
4078
2030
-17
4079
2031
-16
4080
2032
-15
4081
2033
-14
4082
2034
-13
4083
2035
-12
4084
2036
-11
4085
2037
-10
4086
2038
-9
4087
2039
-8
4088
2040
-7
4089
2041
-6
4090
2042
-5
4091
2043
-4
4092
2044
-3
4093
2045
-2
4094
2046
-1
4095
2047
0
0
