0
2047
4094
0
2047
4093
-1
2046
4092
-2
2045
4091
-3
2044
4090
-4
2043
4089
-5
2042
4088
-6
2041
4087
-7
2040
4086
-8
2039
4085
-9
2038
4084
-10
2037
4083
-11
2036
4082
-12
2035
4081
-13
2034
4080
-14
2033
4079
-15
2032
4078
-16
2031
4077
-17
2030
4076
-18
2029
4075
-19
2028
4074
-20
2027
4073
-21
2026
4072
-22
2025
4071
-23
2024
4070
-24
2023
4069
-25
2022
4068
-26
2021
4067
-27
2020
4066
-28
2019
4065
-29
2018
4064
-30
2017
4063
-31
2016
4062
-32
2015
4061
-33
2014
4060
-34
2013
4059
-35
2012
4058
-36
2011
4057
-37
2010
4056
-38
2009
4055
-39
2008
4054
-40
2007
4053
-41
2006
4052
-42
2005
4051
-43
2004
4050
-44
2003
4049
-45
2002
4048
-46
2001
4047
-47
2000
4046
-48
1999
4045
-49
1998
4044
-50
1997
4043
-51
1996
4042
-52
1995
4041
-53
1994
4040
-54
1993
4039
-55
1992
4038
-56
1991
4037
-57
1990
4036
-58
1989
4035
-59
1988
4034
-60
1987
4033
-61
1986
4032
-62
1985
4031
-63
1984
4030
-64
1983
4029
-65
1982
4028
-66
1981
4027
-67
1980
4026
-68
1979
4025
-69
1978
4024
-70
1977
4023
-71
1976
4022
-72
1975
4021
-73
1974
4020
-74
1973
4019
-75
1972
4018
-76
1971
4017
-77
1970
4016
-78
1969
4015
-79
1968
4014
-80
1967
4013
-81
1966
4012
-82
1965
4011
-83
1964
4010
-84
1963
4009
-85
1962
4008
-86
1961
4007
-87
1960
4006
-88
1959
4005
-89
1958
4004
-90
1957
4003
-91
1956
4002
-92
1955
4001
-93
1954
4000
-94
1953
3999
-95
1952
3998
-96
1951
3997
-97
1950
3996
-98
1949
3995
-99
1948
3994
-100
1947
3993
-101
1946
3992
-102
1945
3991
-103
1944
3990
-104
1943
3989
-105
1942
3988
-106
1941
3987
-107
1940
3986
-108
1939
3985
-109
1938
3984
-110
1937
3983
-111
1936
3982
-112
1935
3981
-113
1934
3980
-114
1933
3979
-115
1932
3978
-116
1931
3977
-117
1930
3976
-118
1929
3975
-119
1928
3974
-120
1927
3973
-121
1926
3972
-122
1925
3971
-123
1924
3970
-124
1923
3969
-125
1922
3968
-126
1921
3967
-127
1920
3966
-128
1919
3965
-129
1918
3964
-130
1917
3963
-131
1916
3962
-132
1915
3961
-133
1914
3960
-134
1913
3959
-135
1912
3958
-136
1911
3957
-137
1910
3956
-138
1909
3955
-139
1908
3954
-140
1907
3953
-141
1906
3952
-142
1905
3951
-143
1904
3950
-144
1903
3949
-145
1902
3948
-146
1901
3947
-147
1900
3946
-148
1899
3945
-149
1898
3944
-150
1897
3943
-151
1896
3942
-152
1895
3941
-153
1894
3940
-154
1893
3939
-155
1892
3938
-156
1891
3937
-157
1890
3936
-158
1889
3935
-159
1888
3934
-160
1887
3933
-161
1886
3932
-162
1885
3931
-163
1884
3930
-164
1883
3929
-165
1882
3928
-166
1881
3927
-167
1880
3926
-168
1879
3925
-169
1878
3924
-170
1877
3923
-171
1876
3922
-172
1875
3921
-173
1874
3920
-174
1873
3919
-175
1872
3918
-176
1871
3917
-177
1870
3916
-178
1869
3915
-179
1868
3914
-180
1867
3913
-181
1866
3912
-182
1865
3911
-183
1864
3910
-184
1863
3909
-185
1862
3908
-186
1861
3907
-187
1860
3906
-188
1859
3905
-189
1858
3904
-190
1857
3903
-191
1856
3902
-192
1855
3901
-193
1854
3900
-194
1853
3899
-195
1852
3898
-196
1851
3897
-197
1850
3896
-198
1849
3895
-199
1848
3894
-200
1847
3893
-201
1846
3892
-202
1845
3891
-203
1844
3890
-204
1843
3889
-205
1842
3888
-206
1841
3887
-207
1840
3886
-208
1839
3885
-209
1838
3884
-210
1837
3883
-211
1836
3882
-212
1835
3881
-213
1834
3880
-214
1833
3879
-215
1832
3878
-216
1831
3877
-217
1830
3876
-218
1829
3875
-219
1828
3874
-220
1827
3873
-221
1826
3872
-222
1825
3871
-223
1824
3870
-224
1823
3869
-225
1822
3868
-226
1821
3867
-227
1820
3866
-228
1819
3865
-229
1818
3864
-230
1817
3863
-231
1816
3862
-232
1815
3861
-233
1814
3860
-234
1813
3859
-235
1812
3858
-236
1811
3857
-237
1810
3856
-238
1809
3855
-239
1808
3854
-240
1807
3853
-241
1806
3852
-242
1805
3851
-243
1804
3850
-244
1803
3849
-245
1802
3848
-246
1801
3847
-247
1800
3846
-248
1799
3845
-249
1798
3844
-250
1797
3843
-251
1796
3842
-252
1795
3841
-253
1794
3840
-254
1793
3839
-255
1792
3838
-256
1791
3837
-257
1790
3836
-258
1789
3835
-259
1788
3834
-260
1787
3833
-261
1786
3832
-262
1785
3831
-263
1784
3830
-264
1783
3829
-265
1782
3828
-266
1781
3827
-267
1780
3826
-268
1779
3825
-269
1778
3824
-270
1777
3823
-271
1776
3822
-272
1775
3821
-273
1774
3820
-274
1773
3819
-275
1772
3818
-276
1771
3817
-277
1770
3816
-278
1769
3815
-279
1768
3814
-280
1767
3813
-281
1766
3812
-282
1765
3811
-283
1764
3810
-284
1763
3809
-285
1762
3808
-286
1761
3807
-287
1760
3806
-288
1759
3805
-289
1758
3804
-290
1757
3803
-291
1756
3802
-292
1755
3801
-293
1754
3800
-294
1753
3799
-295
1752
3798
-296
1751
3797
-297
1750
3796
-298
1749
3795
-299
1748
3794
-300
1747
3793
-301
1746
3792
-302
1745
3791
-303
1744
3790
-304
1743
3789
-305
1742
3788
-306
1741
3787
-307
1740
3786
-308
1739
3785
-309
1738
3784
-310
1737
3783
-311
1736
3782
-312
1735
3781
-313
1734
3780
-314
1733
3779
-315
1732
3778
-316
1731
3777
-317
1730
3776
-318
1729
3775
-319
1728
3774
-320
1727
3773
-321
1726
3772
-322
1725
3771
-323
1724
3770
-324
1723
3769
-325
1722
3768
-326
1721
3767
-327
1720
3766
-328
1719
3765
-329
1718
3764
-330
1717
3763
-331
1716
3762
-332
1715
3761
-333
1714
3760
-334
1713
3759
-335
1712
3758
-336
1711
3757
-337
1710
3756
-338
1709
3755
-339
1708
3754
-340
1707
3753
-341
1706
3752
-342
1705
3751
-343
1704
3750
-344
1703
3749
-345
1702
3748
-346
1701
3747
-347
1700
3746
-348
1699
3745
-349
1698
3744
-350
1697
3743
-351
1696
3742
-352
1695
3741
-353
1694
3740
-354
1693
3739
-355
1692
3738
-356
1691
3737
-357
1690
3736
-358
1689
3735
-359
1688
3734
-360
1687
3733
-361
1686
3732
-362
1685
3731
-363
1684
3730
-364
1683
3729
-365
1682
3728
-366
1681
3727
-367
1680
3726
-368
1679
3725
-369
1678
3724
-370
1677
3723
-371
1676
3722
-372
1675
3721
-373
1674
3720
-374
1673
3719
-375
1672
3718
-376
1671
3717
-377
1670
3716
-378
1669
3715
-379
1668
3714
-380
1667
3713
-381
1666
3712
-382
1665
3711
-383
1664
3710
-384
1663
3709
-385
1662
3708
-386
1661
3707
-387
1660
3706
-388
1659
3705
-389
1658
3704
-390
1657
3703
-391
1656
3702
-392
1655
3701
-393
1654
3700
-394
1653
3699
-395
1652
3698
-396
1651
3697
-397
1650
3696
-398
1649
3695
-399
1648
3694
-400
1647
3693
-401
1646
3692
-402
1645
3691
-403
1644
3690
-404
1643
3689
-405
1642
3688
-406
1641
3687
-407
1640
3686
-408
1639
3685
-409
1638
3684
-410
1637
3683
-411
1636
3682
-412
1635
3681
-413
1634
3680
-414
1633
3679
-415
1632
3678
-416
1631
3677
-417
1630
3676
-418
1629
3675
-419
1628
3674
-420
1627
3673
-421
1626
3672
-422
1625
3671
-423
1624
3670
-424
1623
3669
-425
1622
3668
-426
1621
3667
-427
1620
3666
-428
1619
3665
-429
1618
3664
-430
1617
3663
-431
1616
3662
-432
1615
3661
-433
1614
3660
-434
1613
3659
-435
1612
3658
-436
1611
3657
-437
1610
3656
-438
1609
3655
-439
1608
3654
-440
1607
3653
-441
1606
3652
-442
1605
3651
-443
1604
3650
-444
1603
3649
-445
1602
3648
-446
1601
3647
-447
1600
3646
-448
1599
3645
-449
1598
3644
-450
1597
3643
-451
1596
3642
-452
1595
3641
-453
1594
3640
-454
1593
3639
-455
1592
3638
-456
1591
3637
-457
1590
3636
-458
1589
3635
-459
1588
3634
-460
1587
3633
-461
1586
3632
-462
1585
3631
-463
1584
3630
-464
1583
3629
-465
1582
3628
-466
1581
3627
-467
1580
3626
-468
1579
3625
-469
1578
3624
-470
1577
3623
-471
1576
3622
-472
1575
3621
-473
1574
3620
-474
1573
3619
-475
1572
3618
-476
1571
3617
-477
1570
3616
-478
1569
3615
-479
1568
3614
-480
1567
3613
-481
1566
3612
-482
1565
3611
-483
1564
3610
-484
1563
3609
-485
1562
3608
-486
1561
3607
-487
1560
3606
-488
1559
3605
-489
1558
3604
-490
1557
3603
-491
1556
3602
-492
1555
3601
-493
1554
3600
-494
1553
3599
-495
1552
3598
-496
1551
3597
-497
1550
3596
-498
1549
3595
-499
1548
3594
-500
1547
3593
-501
1546
3592
-502
1545
3591
-503
1544
3590
-504
1543
3589
-505
1542
3588
-506
1541
3587
-507
1540
3586
-508
1539
3585
-509
1538
3584
-510
1537
3583
-511
1536
3582
-512
1535
3581
-513
1534
3580
-514
1533
3579
-515
1532
3578
-516
1531
3577
-517
1530
3576
-518
1529
3575
-519
1528
3574
-520
1527
3573
-521
1526
3572
-522
1525
3571
-523
1524
3570
-524
1523
3569
-525
1522
3568
-526
1521
3567
-527
1520
3566
-528
1519
3565
-529
1518
3564
-530
1517
3563
-531
1516
3562
-532
1515
3561
-533
1514
3560
-534
1513
3559
-535
1512
3558
-536
1511
3557
-537
1510
3556
-538
1509
3555
-539
1508
3554
-540
1507
3553
-541
1506
3552
-542
1505
3551
-543
1504
3550
-544
1503
3549
-545
1502
3548
-546
1501
3547
-547
1500
3546
-548
1499
3545
-549
1498
3544
-550
1497
3543
-551
1496
3542
-552
1495
3541
-553
1494
3540
-554
1493
3539
-555
1492
3538
-556
1491
3537
-557
1490
3536
-558
1489
3535
-559
1488
3534
-560
1487
3533
-561
1486
3532
-562
1485
3531
-563
1484
3530
-564
1483
3529
-565
1482
3528
-566
1481
3527
-567
1480
3526
-568
1479
3525
-569
1478
3524
-570
1477
3523
-571
1476
3522
-572
1475
3521
-573
1474
3520
-574
1473
3519
-575
1472
3518
-576
1471
3517
-577
1470
3516
-578
1469
3515
-579
1468
3514
-580
1467
3513
-581
1466
3512
-582
1465
3511
-583
1464
3510
-584
1463
3509
-585
1462
3508
-586
1461
3507
-587
1460
3506
-588
1459
3505
-589
1458
3504
-590
1457
3503
-591
1456
3502
-592
1455
3501
-593
1454
3500
-594
1453
3499
-595
1452
3498
-596
1451
3497
-597
1450
3496
-598
1449
3495
-599
1448
3494
-600
1447
3493
-601
1446
3492
-602
1445
3491
-603
1444
3490
-604
1443
3489
-605
1442
3488
-606
1441
3487
-607
1440
3486
-608
1439
3485
-609
1438
3484
-610
1437
3483
-611
1436
3482
-612
1435
3481
-613
1434
3480
-614
1433
3479
-615
1432
3478
-616
1431
3477
-617
1430
3476
-618
1429
3475
-619
1428
3474
-620
1427
3473
-621
1426
3472
-622
1425
3471
-623
1424
3470
-624
1423
3469
-625
1422
3468
-626
1421
3467
-627
1420
3466
-628
1419
3465
-629
1418
3464
-630
1417
3463
-631
1416
3462
-632
1415
3461
-633
1414
3460
-634
1413
3459
-635
1412
3458
-636
1411
3457
-637
1410
3456
-638
1409
3455
-639
1408
3454
-640
1407
3453
-641
1406
3452
-642
1405
3451
-643
1404
3450
-644
1403
3449
-645
1402
3448
-646
1401
3447
-647
1400
3446
-648
1399
3445
-649
1398
3444
-650
1397
3443
-651
1396
3442
-652
1395
3441
-653
1394
3440
-654
1393
3439
-655
1392
3438
-656
1391
3437
-657
1390
3436
-658
1389
3435
-659
1388
3434
-660
1387
3433
-661
1386
3432
-662
1385
3431
-663
1384
3430
-664
1383
3429
-665
1382
3428
-666
1381
3427
-667
1380
3426
-668
1379
3425
-669
1378
3424
-670
1377
3423
-671
1376
3422
-672
1375
3421
-673
1374
3420
-674
1373
3419
-675
1372
3418
-676
1371
3417
-677
1370
3416
-678
1369
3415
-679
1368
3414
-680
1367
3413
-681
1366
3412
-682
1365
3411
-683
1364
3410
-684
1363
3409
-685
1362
3408
-686
1361
3407
-687
1360
3406
-688
1359
3405
-689
1358
3404
-690
1357
3403
-691
1356
3402
-692
1355
3401
-693
1354
3400
-694
1353
3399
-695
1352
3398
-696
1351
3397
-697
1350
3396
-698
1349
3395
-699
1348
3394
-700
1347
3393
-701
1346
3392
-702
1345
3391
-703
1344
3390
-704
1343
3389
-705
1342
3388
-706
1341
3387
-707
1340
3386
-708
1339
3385
-709
1338
3384
-710
1337
3383
-711
1336
3382
-712
1335
3381
-713
1334
3380
-714
1333
3379
-715
1332
3378
-716
1331
3377
-717
1330
3376
-718
1329
3375
-719
1328
3374
-720
1327
3373
-721
1326
3372
-722
1325
3371
-723
1324
3370
-724
1323
3369
-725
1322
3368
-726
1321
3367
-727
1320
3366
-728
1319
3365
-729
1318
3364
-730
1317
3363
-731
1316
3362
-732
1315
3361
-733
1314
3360
-734
1313
3359
-735
1312
3358
-736
1311
3357
-737
1310
3356
-738
1309
3355
-739
1308
3354
-740
1307
3353
-741
1306
3352
-742
1305
3351
-743
1304
3350
-744
1303
3349
-745
1302
3348
-746
1301
3347
-747
1300
3346
-748
1299
3345
-749
1298
3344
-750
1297
3343
-751
1296
3342
-752
1295
3341
-753
1294
3340
-754
1293
3339
-755
1292
3338
-756
1291
3337
-757
1290
3336
-758
1289
3335
-759
1288
3334
-760
1287
3333
-761
1286
3332
-762
1285
3331
-763
1284
3330
-764
1283
3329
-765
1282
3328
-766
1281
3327
-767
1280
3326
-768
1279
3325
-769
1278
3324
-770
1277
3323
-771
1276
3322
-772
1275
3321
-773
1274
3320
-774
1273
3319
-775
1272
3318
-776
1271
3317
-777
1270
3316
-778
1269
3315
-779
1268
3314
-780
1267
3313
-781
1266
3312
-782
1265
3311
-783
1264
3310
-784
1263
3309
-785
1262
3308
-786
1261
3307
-787
1260
3306
-788
1259
3305
-789
1258
3304
-790
1257
3303
-791
1256
3302
-792
1255
3301
-793
1254
3300
-794
1253
3299
-795
1252
3298
-796
1251
3297
-797
1250
3296
-798
1249
3295
-799
1248
3294
-800
1247
3293
-801
1246
3292
-802
1245
3291
-803
1244
3290
-804
1243
3289
-805
1242
3288
-806
1241
3287
-807
1240
3286
-808
1239
3285
-809
1238
3284
-810
1237
3283
-811
1236
3282
-812
1235
3281
-813
1234
3280
-814
1233
3279
-815
1232
3278
-816
1231
3277
-817
1230
3276
-818
1229
3275
-819
1228
3274
-820
1227
3273
-821
1226
3272
-822
1225
3271
-823
1224
3270
-824
1223
3269
-825
1222
3268
-826
1221
3267
-827
1220
3266
-828
1219
3265
-829
1218
3264
-830
1217
3263
-831
1216
3262
-832
1215
3261
-833
1214
3260
-834
1213
3259
-835
1212
3258
-836
1211
3257
-837
1210
3256
-838
1209
3255
-839
1208
3254
-840
1207
3253
-841
1206
3252
-842
1205
3251
-843
1204
3250
-844
1203
3249
-845
1202
3248
-846
1201
3247
-847
1200
3246
-848
1199
3245
-849
1198
3244
-850
1197
3243
-851
1196
3242
-852
1195
3241
-853
1194
3240
-854
1193
3239
-855
1192
3238
-856
1191
3237
-857
1190
3236
-858
1189
3235
-859
1188
3234
-860
1187
3233
-861
1186
3232
-862
1185
3231
-863
1184
3230
-864
1183
3229
-865
1182
3228
-866
1181
3227
-867
1180
3226
-868
1179
3225
-869
1178
3224
-870
1177
3223
-871
1176
3222
-872
1175
3221
-873
1174
3220
-874
1173
3219
-875
1172
3218
-876
1171
3217
-877
1170
3216
-878
1169
3215
-879
1168
3214
-880
1167
3213
-881
1166
3212
-882
1165
3211
-883
1164
3210
-884
1163
3209
-885
1162
3208
-886
1161
3207
-887
1160
3206
-888
1159
3205
-889
1158
3204
-890
1157
3203
-891
1156
3202
-892
1155
3201
-893
1154
3200
-894
1153
3199
-895
1152
3198
-896
1151
3197
-897
1150
3196
-898
1149
3195
-899
1148
3194
-900
1147
3193
-901
1146
3192
-902
1145
3191
-903
1144
3190
-904
1143
3189
-905
1142
3188
-906
1141
3187
-907
1140
3186
-908
1139
3185
-909
1138
3184
-910
1137
3183
-911
1136
3182
-912
1135
3181
-913
1134
3180
-914
1133
3179
-915
1132
3178
-916
1131
3177
-917
1130
3176
-918
1129
3175
-919
1128
3174
-920
1127
3173
-921
1126
3172
-922
1125
3171
-923
1124
3170
-924
1123
3169
-925
1122
3168
-926
1121
3167
-927
1120
3166
-928
1119
3165
-929
1118
3164
-930
1117
3163
-931
1116
3162
-932
1115
3161
-933
1114
3160
-934
1113
3159
-935
1112
3158
-936
1111
3157
-937
1110
3156
-938
1109
3155
-939
1108
3154
-940
1107
3153
-941
1106
3152
-942
1105
3151
-943
1104
3150
-944
1103
3149
-945
1102
3148
-946
1101
3147
-947
1100
3146
-948
1099
3145
-949
1098
3144
-950
1097
3143
-951
1096
3142
-952
1095
3141
-953
1094
3140
-954
1093
3139
-955
1092
3138
-956
1091
3137
-957
1090
3136
-958
1089
3135
-959
1088
3134
-960
1087
3133
-961
1086
3132
-962
1085
3131
-963
1084
3130
-964
1083
3129
-965
1082
3128
-966
1081
3127
-967
1080
3126
-968
1079
3125
-969
1078
3124
-970
1077
3123
-971
1076
3122
-972
1075
3121
-973
1074
3120
-974
1073
3119
-975
1072
3118
-976
1071
3117
-977
1070
3116
-978
1069
3115
-979
1068
3114
-980
1067
3113
-981
1066
3112
-982
1065
3111
-983
1064
3110
-984
1063
3109
-985
1062
3108
-986
1061
3107
-987
1060
3106
-988
1059
3105
-989
1058
3104
-990
1057
3103
-991
1056
3102
-992
1055
3101
-993
1054
3100
-994
1053
3099
-995
1052
3098
-996
1051
3097
-997
1050
3096
-998
1049
3095
-999
1048
3094
-1000
1047
3093
-1001
1046
3092
-1002
1045
3091
-1003
1044
3090
-1004
1043
3089
-1005
1042
3088
-1006
1041
3087
-1007
1040
3086
-1008
1039
3085
-1009
1038
3084
-1010
1037
3083
-1011
1036
3082
-1012
1035
3081
-1013
1034
3080
-1014
1033
3079
-1015
1032
3078
-1016
1031
3077
-1017
1030
3076
-1018
1029
3075
-1019
1028
3074
-1020
1027
3073
-1021
1026
3072
-1022
1025
3071
-1023
1024
3070
-1024
1023
3069
-1025
1022
3068
-1026
1021
3067
-1027
1020
3066
-1028
1019
3065
-1029
1018
3064
-1030
1017
3063
-1031
1016
3062
-1032
1015
3061
-1033
1014
3060
-1034
1013
3059
-1035
1012
3058
-1036
1011
3057
-1037
1010
3056
-1038
1009
3055
-1039
1008
3054
-1040
1007
3053
-1041
1006
3052
-1042
1005
3051
-1043
1004
3050
-1044
1003
3049
-1045
1002
3048
-1046
1001
3047
-1047
1000
3046
-1048
999
3045
-1049
998
3044
-1050
997
3043
-1051
996
3042
-1052
995
3041
-1053
994
3040
-1054
993
3039
-1055
992
3038
-1056
991
3037
-1057
990
3036
-1058
989
3035
-1059
988
3034
-1060
987
3033
-1061
986
3032
-1062
985
3031
-1063
984
3030
-1064
983
3029
-1065
982
3028
-1066
981
3027
-1067
980
3026
-1068
979
3025
-1069
978
3024
-1070
977
3023
-1071
976
3022
-1072
975
3021
-1073
974
3020
-1074
973
3019
-1075
972
3018
-1076
971
3017
-1077
970
3016
-1078
969
3015
-1079
968
3014
-1080
967
3013
-1081
966
3012
-1082
965
3011
-1083
964
3010
-1084
963
3009
-1085
962
3008
-1086
961
3007
-1087
960
3006
-1088
959
3005
-1089
958
3004
-1090
957
3003
-1091
956
3002
-1092
955
3001
-1093
954
3000
-1094
953
2999
-1095
952
2998
-1096
951
2997
-1097
950
2996
-1098
949
2995
-1099
948
2994
-1100
947
2993
-1101
946
2992
-1102
945
2991
-1103
944
2990
-1104
943
2989
-1105
942
2988
-1106
941
2987
-1107
940
2986
-1108
939
2985
-1109
938
2984
-1110
937
2983
-1111
936
2982
-1112
935
2981
-1113
934
2980
-1114
933
2979
-1115
932
2978
-1116
931
2977
-1117
930
2976
-1118
929
2975
-1119
928
2974
-1120
927
2973
-1121
926
2972
-1122
925
2971
-1123
924
2970
-1124
923
2969
-1125
922
2968
-1126
921
2967
-1127
920
2966
-1128
919
2965
-1129
918
2964
-1130
917
2963
-1131
916
2962
-1132
915
2961
-1133
914
2960
-1134
913
2959
-1135
912
2958
-1136
911
2957
-1137
910
2956
-1138
909
2955
-1139
908
2954
-1140
907
2953
-1141
906
2952
-1142
905
2951
-1143
904
2950
-1144
903
2949
-1145
902
2948
-1146
901
2947
-1147
900
2946
-1148
899
2945
-1149
898
2944
-1150
897
2943
-1151
896
2942
-1152
895
2941
-1153
894
2940
-1154
893
2939
-1155
892
2938
-1156
891
2937
-1157
890
2936
-1158
889
2935
-1159
888
2934
-1160
887
2933
-1161
886
2932
-1162
885
2931
-1163
884
2930
-1164
883
2929
-1165
882
2928
-1166
881
2927
-1167
880
2926
-1168
879
2925
-1169
878
2924
-1170
877
2923
-1171
876
2922
-1172
875
2921
-1173
874
2920
-1174
873
2919
-1175
872
2918
-1176
871
2917
-1177
870
2916
-1178
869
2915
-1179
868
2914
-1180
867
2913
-1181
866
2912
-1182
865
2911
-1183
864
2910
-1184
863
2909
-1185
862
2908
-1186
861
2907
-1187
860
2906
-1188
859
2905
-1189
858
2904
-1190
857
2903
-1191
856
2902
-1192
855
2901
-1193
854
2900
-1194
853
2899
-1195
852
2898
-1196
851
2897
-1197
850
2896
-1198
849
2895
-1199
848
2894
-1200
847
2893
-1201
846
2892
-1202
845
2891
-1203
844
2890
-1204
843
2889
-1205
842
2888
-1206
841
2887
-1207
840
2886
-1208
839
2885
-1209
838
2884
-1210
837
2883
-1211
836
2882
-1212
835
2881
-1213
834
2880
-1214
833
2879
-1215
832
2878
-1216
831
2877
-1217
830
2876
-1218
829
2875
-1219
828
2874
-1220
827
2873
-1221
826
2872
-1222
825
2871
-1223
824
2870
-1224
823
2869
-1225
822
2868
-1226
821
2867
-1227
820
2866
-1228
819
2865
-1229
818
2864
-1230
817
2863
-1231
816
2862
-1232
815
2861
-1233
814
2860
-1234
813
2859
-1235
812
2858
-1236
811
2857
-1237
810
2856
-1238
809
2855
-1239
808
2854
-1240
807
2853
-1241
806
2852
-1242
805
2851
-1243
804
2850
-1244
803
2849
-1245
802
2848
-1246
801
2847
-1247
800
2846
-1248
799
2845
-1249
798
2844
-1250
797
2843
-1251
796
2842
-1252
795
2841
-1253
794
2840
-1254
793
2839
-1255
792
2838
-1256
791
2837
-1257
790
2836
-1258
789
2835
-1259
788
2834
-1260
787
2833
-1261
786
2832
-1262
785
2831
-1263
784
2830
-1264
783
2829
-1265
782
2828
-1266
781
2827
-1267
780
2826
-1268
779
2825
-1269
778
2824
-1270
777
2823
-1271
776
2822
-1272
775
2821
-1273
774
2820
-1274
773
2819
-1275
772
2818
-1276
771
2817
-1277
770
2816
-1278
769
2815
-1279
768
2814
-1280
767
2813
-1281
766
2812
-1282
765
2811
-1283
764
2810
-1284
763
2809
-1285
762
2808
-1286
761
2807
-1287
760
2806
-1288
759
2805
-1289
758
2804
-1290
757
2803
-1291
756
2802
-1292
755
2801
-1293
754
2800
-1294
753
2799
-1295
752
2798
-1296
751
2797
-1297
750
2796
-1298
749
2795
-1299
748
2794
-1300
747
2793
-1301
746
2792
-1302
745
2791
-1303
744
2790
-1304
743
2789
-1305
742
2788
-1306
741
2787
-1307
740
2786
-1308
739
2785
-1309
738
2784
-1310
737
2783
-1311
736
2782
-1312
735
2781
-1313
734
2780
-1314
733
2779
-1315
732
2778
-1316
731
2777
-1317
730
2776
-1318
729
2775
-1319
728
2774
-1320
727
2773
-1321
726
2772
-1322
725
2771
-1323
724
2770
-1324
723
2769
-1325
722
2768
-1326
721
2767
-1327
720
2766
-1328
719
2765
-1329
718
2764
-1330
717
2763
-1331
716
2762
-1332
715
2761
-1333
714
2760
-1334
713
2759
-1335
712
2758
-1336
711
2757
-1337
710
2756
-1338
709
2755
-1339
708
2754
-1340
707
2753
-1341
706
2752
-1342
705
2751
-1343
704
2750
-1344
703
2749
-1345
702
2748
-1346
701
2747
-1347
700
2746
-1348
699
2745
-1349
698
2744
-1350
697
2743
-1351
696
2742
-1352
695
2741
-1353
694
2740
-1354
693
2739
-1355
692
2738
-1356
691
2737
-1357
690
2736
-1358
689
2735
-1359
688
2734
-1360
687
2733
-1361
686
2732
-1362
685
2731
-1363
684
2730
-1364
683
2729
-1365
682
2728
-1366
681
2727
-1367
680
2726
-1368
679
2725
-1369
678
2724
-1370
677
2723
-1371
676
2722
-1372
675
2721
-1373
674
2720
-1374
673
2719
-1375
672
2718
-1376
671
2717
-1377
670
2716
-1378
669
2715
-1379
668
2714
-1380
667
2713
-1381
666
2712
-1382
665
2711
-1383
664
2710
-1384
663
2709
-1385
662
2708
-1386
661
2707
-1387
660
2706
-1388
659
2705
-1389
658
2704
-1390
657
2703
-1391
656
2702
-1392
655
2701
-1393
654
2700
-1394
653
2699
-1395
652
2698
-1396
651
2697
-1397
650
2696
-1398
649
2695
-1399
648
2694
-1400
647
2693
-1401
646
2692
-1402
645
2691
-1403
644
2690
-1404
643
2689
-1405
642
2688
-1406
641
2687
-1407
640
2686
-1408
639
2685
-1409
638
2684
-1410
637
2683
-1411
636
2682
-1412
635
2681
-1413
634
2680
-1414
633
2679
-1415
632
2678
-1416
631
2677
-1417
630
2676
-1418
629
2675
-1419
628
2674
-1420
627
2673
-1421
626
2672
-1422
625
2671
-1423
624
2670
-1424
623
2669
-1425
622
2668
-1426
621
2667
-1427
620
2666
-1428
619
2665
-1429
618
2664
-1430
617
2663
-1431
616
2662
-1432
615
2661
-1433
614
2660
-1434
613
2659
-1435
612
2658
-1436
611
2657
-1437
610
2656
-1438
609
2655
-1439
608
2654
-1440
607
2653
-1441
606
2652
-1442
605
2651
-1443
604
2650
-1444
603
2649
-1445
602
2648
-1446
601
2647
-1447
600
2646
-1448
599
2645
-1449
598
2644
-1450
597
2643
-1451
596
2642
-1452
595
2641
-1453
594
2640
-1454
593
2639
-1455
592
2638
-1456
591
2637
-1457
590
2636
-1458
589
2635
-1459
588
2634
-1460
587
2633
-1461
586
2632
-1462
585
2631
-1463
584
2630
-1464
583
2629
-1465
582
2628
-1466
581
2627
-1467
580
2626
-1468
579
2625
-1469
578
2624
-1470
577
2623
-1471
576
2622
-1472
575
2621
-1473
574
2620
-1474
573
2619
-1475
572
2618
-1476
571
2617
-1477
570
2616
-1478
569
2615
-1479
568
2614
-1480
567
2613
-1481
566
2612
-1482
565
2611
-1483
564
2610
-1484
563
2609
-1485
562
2608
-1486
561
2607
-1487
560
2606
-1488
559
2605
-1489
558
2604
-1490
557
2603
-1491
556
2602
-1492
555
2601
-1493
554
2600
-1494
553
2599
-1495
552
2598
-1496
551
2597
-1497
550
2596
-1498
549
2595
-1499
548
2594
-1500
547
2593
-1501
546
2592
-1502
545
2591
-1503
544
2590
-1504
543
2589
-1505
542
2588
-1506
541
2587
-1507
540
2586
-1508
539
2585
-1509
538
2584
-1510
537
2583
-1511
536
2582
-1512
535
2581
-1513
534
2580
-1514
533
2579
-1515
532
2578
-1516
531
2577
-1517
530
2576
-1518
529
2575
-1519
528
2574
-1520
527
2573
-1521
526
2572
-1522
525
2571
-1523
524
2570
-1524
523
2569
-1525
522
2568
-1526
521
2567
-1527
520
2566
-1528
519
2565
-1529
518
2564
-1530
517
2563
-1531
516
2562
-1532
515
2561
-1533
514
2560
-1534
513
2559
-1535
512
2558
-1536
511
2557
-1537
510
2556
-1538
509
2555
-1539
508
2554
-1540
507
2553
-1541
506
2552
-1542
505
2551
-1543
504
2550
-1544
503
2549
-1545
502
2548
-1546
501
2547
-1547
500
2546
-1548
499
2545
-1549
498
2544
-1550
497
2543
-1551
496
2542
-1552
495
2541
-1553
494
2540
-1554
493
2539
-1555
492
2538
-1556
491
2537
-1557
490
2536
-1558
489
2535
-1559
488
2534
-1560
487
2533
-1561
486
2532
-1562
485
2531
-1563
484
2530
-1564
483
2529
-1565
482
2528
-1566
481
2527
-1567
480
2526
-1568
479
2525
-1569
478
2524
-1570
477
2523
-1571
476
2522
-1572
475
2521
-1573
474
2520
-1574
473
2519
-1575
472
2518
-1576
471
2517
-1577
470
2516
-1578
469
2515
-1579
468
2514
-1580
467
2513
-1581
466
2512
-1582
465
2511
-1583
464
2510
-1584
463
2509
-1585
462
2508
-1586
461
2507
-1587
460
2506
-1588
459
2505
-1589
458
2504
-1590
457
2503
-1591
456
2502
-1592
455
2501
-1593
454
2500
-1594
453
2499
-1595
452
2498
-1596
451
2497
-1597
450
2496
-1598
449
2495
-1599
448
2494
-1600
447
2493
-1601
446
2492
-1602
445
2491
-1603
444
2490
-1604
443
2489
-1605
442
2488
-1606
441
2487
-1607
440
2486
-1608
439
2485
-1609
438
2484
-1610
437
2483
-1611
436
2482
-1612
435
2481
-1613
434
2480
-1614
433
2479
-1615
432
2478
-1616
431
2477
-1617
430
2476
-1618
429
2475
-1619
428
2474
-1620
427
2473
-1621
426
2472
-1622
425
2471
-1623
424
2470
-1624
423
2469
-1625
422
2468
-1626
421
2467
-1627
420
2466
-1628
419
2465
-1629
418
2464
-1630
417
2463
-1631
416
2462
-1632
415
2461
-1633
414
2460
-1634
413
2459
-1635
412
2458
-1636
411
2457
-1637
410
2456
-1638
409
2455
-1639
408
2454
-1640
407
2453
-1641
406
2452
-1642
405
2451
-1643
404
2450
-1644
403
2449
-1645
402
2448
-1646
401
2447
-1647
400
2446
-1648
399
2445
-1649
398
2444
-1650
397
2443
-1651
396
2442
-1652
395
2441
-1653
394
2440
-1654
393
2439
-1655
392
2438
-1656
391
2437
-1657
390
2436
-1658
389
2435
-1659
388
2434
-1660
387
2433
-1661
386
2432
-1662
385
2431
-1663
384
2430
-1664
383
2429
-1665
382
2428
-1666
381
2427
-1667
380
2426
-1668
379
2425
-1669
378
2424
-1670
377
2423
-1671
376
2422
-1672
375
2421
-1673
374
2420
-1674
373
2419
-1675
372
2418
-1676
371
2417
-1677
370
2416
-1678
369
2415
-1679
368
2414
-1680
367
2413
-1681
366
2412
-1682
365
2411
-1683
364
2410
-1684
363
2409
-1685
362
2408
-1686
361
2407
-1687
360
2406
-1688
359
2405
-1689
358
2404
-1690
357
2403
-1691
356
2402
-1692
355
2401
-1693
354
2400
-1694
353
2399
-1695
352
2398
-1696
351
2397
-1697
350
2396
-1698
349
2395
-1699
348
2394
-1700
347
2393
-1701
346
2392
-1702
345
2391
-1703
344
2390
-1704
343
2389
-1705
342
2388
-1706
341
2387
-1707
340
2386
-1708
339
2385
-1709
338
2384
-1710
337
2383
-1711
336
2382
-1712
335
2381
-1713
334
2380
-1714
333
2379
-1715
332
2378
-1716
331
2377
-1717
330
2376
-1718
329
2375
-1719
328
2374
-1720
327
2373
-1721
326
2372
-1722
325
2371
-1723
324
2370
-1724
323
2369
-1725
322
2368
-1726
321
2367
-1727
320
2366
-1728
319
2365
-1729
318
2364
-1730
317
2363
-1731
316
2362
-1732
315
2361
-1733
314
2360
-1734
313
2359
-1735
312
2358
-1736
311
2357
-1737
310
2356
-1738
309
2355
-1739
308
2354
-1740
307
2353
-1741
306
2352
-1742
305
2351
-1743
304
2350
-1744
303
2349
-1745
302
2348
-1746
301
2347
-1747
300
2346
-1748
299
2345
-1749
298
2344
-1750
297
2343
-1751
296
2342
-1752
295
2341
-1753
294
2340
-1754
293
2339
-1755
292
2338
-1756
291
2337
-1757
290
2336
-1758
289
2335
-1759
288
2334
-1760
287
2333
-1761
286
2332
-1762
285
2331
-1763
284
2330
-1764
283
2329
-1765
282
2328
-1766
281
2327
-1767
280
2326
-1768
279
2325
-1769
278
2324
-1770
277
2323
-1771
276
2322
-1772
275
2321
-1773
274
2320
-1774
273
2319
-1775
272
2318
-1776
271
2317
-1777
270
2316
-1778
269
2315
-1779
268
2314
-1780
267
2313
-1781
266
2312
-1782
265
2311
-1783
264
2310
-1784
263
2309
-1785
262
2308
-1786
261
2307
-1787
260
2306
-1788
259
2305
-1789
258
2304
-1790
257
2303
-1791
256
2302
-1792
255
2301
-1793
254
2300
-1794
253
2299
-1795
252
2298
-1796
251
2297
-1797
250
2296
-1798
249
2295
-1799
248
2294
-1800
247
2293
-1801
246
2292
-1802
245
2291
-1803
244
2290
-1804
243
2289
-1805
242
2288
-1806
241
2287
-1807
240
2286
-1808
239
2285
-1809
238
2284
-1810
237
2283
-1811
236
2282
-1812
235
2281
-1813
234
2280
-1814
233
2279
-1815
232
2278
-1816
231
2277
-1817
230
2276
-1818
229
2275
-1819
228
2274
-1820
227
2273
-1821
226
2272
-1822
225
2271
-1823
224
2270
-1824
223
2269
-1825
222
2268
-1826
221
2267
-1827
220
2266
-1828
219
2265
-1829
218
2264
-1830
217
2263
-1831
216
2262
-1832
215
2261
-1833
214
2260
-1834
213
2259
-1835
212
2258
-1836
211
2257
-1837
210
2256
-1838
209
2255
-1839
208
2254
-1840
207
2253
-1841
206
2252
-1842
205
2251
-1843
204
2250
-1844
203
2249
-1845
202
2248
-1846
201
2247
-1847
200
2246
-1848
199
2245
-1849
198
2244
-1850
197
2243
-1851
196
2242
-1852
195
2241
-1853
194
2240
-1854
193
2239
-1855
192
2238
-1856
191
2237
-1857
190
2236
-1858
189
2235
-1859
188
2234
-1860
187
2233
-1861
186
2232
-1862
185
2231
-1863
184
2230
-1864
183
2229
-1865
182
2228
-1866
181
2227
-1867
180
2226
-1868
179
2225
-1869
178
2224
-1870
177
2223
-1871
176
2222
-1872
175
2221
-1873
174
2220
-1874
173
2219
-1875
172
2218
-1876
171
2217
-1877
170
2216
-1878
169
2215
-1879
168
2214
-1880
167
2213
-1881
166
2212
-1882
165
2211
-1883
164
2210
-1884
163
2209
-1885
162
2208
-1886
161
2207
-1887
160
2206
-1888
159
2205
-1889
158
2204
-1890
157
2203
-1891
156
2202
-1892
155
2201
-1893
154
2200
-1894
153
2199
-1895
152
2198
-1896
151
2197
-1897
150
2196
-1898
149
2195
-1899
148
2194
-1900
147
2193
-1901
146
2192
-1902
145
2191
-1903
144
2190
-1904
143
2189
-1905
142
2188
-1906
141
2187
-1907
140
2186
-1908
139
2185
-1909
138
2184
-1910
137
2183
-1911
136
2182
-1912
135
2181
-1913
134
2180
-1914
133
2179
-1915
132
2178
-1916
131
2177
-1917
130
2176
-1918
129
2175
-1919
128
2174
-1920
127
2173
-1921
126
2172
-1922
125
2171
-1923
124
2170
-1924
123
2169
-1925
122
2168
-1926
121
2167
-1927
120
2166
-1928
119
2165
-1929
118
2164
-1930
117
2163
-1931
116
2162
-1932
115
2161
-1933
114
2160
-1934
113
2159
-1935
112
2158
-1936
111
2157
-1937
110
2156
-1938
109
2155
-1939
108
2154
-1940
107
2153
-1941
106
2152
-1942
105
2151
-1943
104
2150
-1944
103
2149
-1945
102
2148
-1946
101
2147
-1947
100
2146
-1948
99
2145
-1949
98
2144
-1950
97
2143
-1951
96
2142
-1952
95
2141
-1953
94
2140
-1954
93
2139
-1955
92
2138
-1956
91
2137
-1957
90
2136
-1958
89
2135
-1959
88
2134
-1960
87
2133
-1961
86
2132
-1962
85
2131
-1963
84
2130
-1964
83
2129
-1965
82
2128
-1966
81
2127
-1967
80
2126
-1968
79
2125
-1969
78
2124
-1970
77
2123
-1971
76
2122
-1972
75
2121
-1973
74
2120
-1974
73
2119
-1975
72
2118
-1976
71
2117
-1977
70
2116
-1978
69
2115
-1979
68
2114
-1980
67
2113
-1981
66
2112
-1982
65
2111
-1983
64
2110
-1984
63
2109
-1985
62
2108
-1986
61
2107
-1987
60
2106
-1988
59
2105
-1989
58
2104
-1990
57
2103
-1991
56
2102
-1992
55
2101
-1993
54
2100
-1994
53
2099
-1995
52
2098
-1996
51
2097
-1997
50
2096
-1998
49
2095
-1999
48
2094
-2000
47
2093
-2001
46
2092
-2002
45
2091
-2003
44
2090
-2004
43
2089
-2005
42
2088
-2006
41
2087
-2007
40
2086
-2008
39
2085
-2009
38
2084
-2010
37
2083
-2011
36
2082
-2012
35
2081
-2013
34
2080
-2014
33
2079
-2015
32
2078
-2016
31
2077
-2017
30
2076
-2018
29
2075
-2019
28
2074
-2020
27
2073
-2021
26
2072
-2022
25
2071
-2023
24
2070
-2024
23
2069
-2025
22
2068
-2026
21
2067
-2027
20
2066
-2028
19
2065
-2029
18
2064
-2030
17
2063
-2031
16
2062
-2032
15
2061
-2033
14
2060
-2034
13
2059
-2035
12
2058
-2036
11
2057
-2037
10
2056
-2038
9
2055
-2039
8
2054
-2040
7
2053
-2041
6
2052
-2042
5
2051
-2043
4
2050
-2044
3
2049
-2045
2
2048
-2046
1
2047
-2047
0
2046
-2048
-1
2045
-2049
-2
2044
-2050
-3
2043
-2051
-4
2042
-2052
-5
2041
-2053
-6
2040
-2054
-7
2039
-2055
-8
2038
-2056
-9
2037
-2057
-10
2036
-2058
-11
2035
-2059
-12
2034
-2060
-13
2033
-2061
-14
2032
-2062
-15
2031
-2063
-16
2030
-2064
-17
2029
-2065
-18
2028
-2066
-19
2027
-2067
-20
2026
-2068
-21
2025
-2069
-22
2024
-2070
-23
2023
-2071
-24
2022
-2072
-25
2021
-2073
-26
2020
-2074
-27
2019
-2075
-28
2018
-2076
-29
2017
-2077
-30
2016
-2078
-31
2015
-2079
-32
2014
-2080
-33
2013
-2081
-34
2012
-2082
-35
2011
-2083
-36
2010
-2084
-37
2009
-2085
-38
2008
-2086
-39
2007
-2087
-40
2006
-2088
-41
2005
-2089
-42
2004
-2090
-43
2003
-2091
-44
2002
-2092
-45
2001
-2093
-46
2000
-2094
-47
1999
-2095
-48
1998
-2096
-49
1997
-2097
-50
1996
-2098
-51
1995
-2099
-52
1994
-2100
-53
1993
-2101
-54
1992
-2102
-55
1991
-2103
-56
1990
-2104
-57
1989
-2105
-58
1988
-2106
-59
1987
-2107
-60
1986
-2108
-61
1985
-2109
-62
1984
-2110
-63
1983
-2111
-64
1982
-2112
-65
1981
-2113
-66
1980
-2114
-67
1979
-2115
-68
1978
-2116
-69
1977
-2117
-70
1976
-2118
-71
1975
-2119
-72
1974
-2120
-73
1973
-2121
-74
1972
-2122
-75
1971
-2123
-76
1970
-2124
-77
1969
-2125
-78
1968
-2126
-79
1967
-2127
-80
1966
-2128
-81
1965
-2129
-82
1964
-2130
-83
1963
-2131
-84
1962
-2132
-85
1961
-2133
-86
1960
-2134
-87
1959
-2135
-88
1958
-2136
-89
1957
-2137
-90
1956
-2138
-91
1955
-2139
-92
1954
-2140
-93
1953
-2141
-94
1952
-2142
-95
1951
-2143
-96
1950
-2144
-97
1949
-2145
-98
1948
-2146
-99
1947
-2147
-100
1946
-2148
-101
1945
-2149
-102
1944
-2150
-103
1943
-2151
-104
1942
-2152
-105
1941
-2153
-106
1940
-2154
-107
1939
-2155
-108
1938
-2156
-109
1937
-2157
-110
1936
-2158
-111
1935
-2159
-112
1934
-2160
-113
1933
-2161
-114
1932
-2162
-115
1931
-2163
-116
1930
-2164
-117
1929
-2165
-118
1928
-2166
-119
1927
-2167
-120
1926
-2168
-121
1925
-2169
-122
1924
-2170
-123
1923
-2171
-124
1922
-2172
-125
1921
-2173
-126
1920
-2174
-127
1919
-2175
-128
1918
-2176
-129
1917
-2177
-130
1916
-2178
-131
1915
-2179
-132
1914
-2180
-133
1913
-2181
-134
1912
-2182
-135
1911
-2183
-136
1910
-2184
-137
1909
-2185
-138
1908
-2186
-139
1907
-2187
-140
1906
-2188
-141
1905
-2189
-142
1904
-2190
-143
1903
-2191
-144
1902
-2192
-145
1901
-2193
-146
1900
-2194
-147
1899
-2195
-148
1898
-2196
-149
1897
-2197
-150
1896
-2198
-151
1895
-2199
-152
1894
-2200
-153
1893
-2201
-154
1892
-2202
-155
1891
-2203
-156
1890
-2204
-157
1889
-2205
-158
1888
-2206
-159
1887
-2207
-160
1886
-2208
-161
1885
-2209
-162
1884
-2210
-163
1883
-2211
-164
1882
-2212
-165
1881
-2213
-166
1880
-2214
-167
1879
-2215
-168
1878
-2216
-169
1877
-2217
-170
1876
-2218
-171
1875
-2219
-172
1874
-2220
-173
1873
-2221
-174
1872
-2222
-175
1871
-2223
-176
1870
-2224
-177
1869
-2225
-178
1868
-2226
-179
1867
-2227
-180
1866
-2228
-181
1865
-2229
-182
1864
-2230
-183
1863
-2231
-184
1862
-2232
-185
1861
-2233
-186
1860
-2234
-187
1859
-2235
-188
1858
-2236
-189
1857
-2237
-190
1856
-2238
-191
1855
-2239
-192
1854
-2240
-193
1853
-2241
-194
1852
-2242
-195
1851
-2243
-196
1850
-2244
-197
1849
-2245
-198
1848
-2246
-199
1847
-2247
-200
1846
-2248
-201
1845
-2249
-202
1844
-2250
-203
1843
-2251
-204
1842
-2252
-205
1841
-2253
-206
1840
-2254
-207
1839
-2255
-208
1838
-2256
-209
1837
-2257
-210
1836
-2258
-211
1835
-2259
-212
1834
-2260
-213
1833
-2261
-214
1832
-2262
-215
1831
-2263
-216
1830
-2264
-217
1829
-2265
-218
1828
-2266
-219
1827
-2267
-220
1826
-2268
-221
1825
-2269
-222
1824
-2270
-223
1823
-2271
-224
1822
-2272
-225
1821
-2273
-226
1820
-2274
-227
1819
-2275
-228
1818
-2276
-229
1817
-2277
-230
1816
-2278
-231
1815
-2279
-232
1814
-2280
-233
1813
-2281
-234
1812
-2282
-235
1811
-2283
-236
1810
-2284
-237
1809
-2285
-238
1808
-2286
-239
1807
-2287
-240
1806
-2288
-241
1805
-2289
-242
1804
-2290
-243
1803
-2291
-244
1802
-2292
-245
1801
-2293
-246
1800
-2294
-247
1799
-2295
-248
1798
-2296
-249
1797
-2297
-250
1796
-2298
-251
1795
-2299
-252
1794
-2300
-253
1793
-2301
-254
1792
-2302
-255
1791
-2303
-256
1790
-2304
-257
1789
-2305
-258
1788
-2306
-259
1787
-2307
-260
1786
-2308
-261
1785
-2309
-262
1784
-2310
-263
1783
-2311
-264
1782
-2312
-265
1781
-2313
-266
1780
-2314
-267
1779
-2315
-268
1778
-2316
-269
1777
-2317
-270
1776
-2318
-271
1775
-2319
-272
1774
-2320
-273
1773
-2321
-274
1772
-2322
-275
1771
-2323
-276
1770
-2324
-277
1769
-2325
-278
1768
-2326
-279
1767
-2327
-280
1766
-2328
-281
1765
-2329
-282
1764
-2330
-283
1763
-2331
-284
1762
-2332
-285
1761
-2333
-286
1760
-2334
-287
1759
-2335
-288
1758
-2336
-289
1757
-2337
-290
1756
-2338
-291
1755
-2339
-292
1754
-2340
-293
1753
-2341
-294
1752
-2342
-295
1751
-2343
-296
1750
-2344
-297
1749
-2345
-298
1748
-2346
-299
1747
-2347
-300
1746
-2348
-301
1745
-2349
-302
1744
-2350
-303
1743
-2351
-304
1742
-2352
-305
1741
-2353
-306
1740
-2354
-307
1739
-2355
-308
1738
-2356
-309
1737
-2357
-310
1736
-2358
-311
1735
-2359
-312
1734
-2360
-313
1733
-2361
-314
1732
-2362
-315
1731
-2363
-316
1730
-2364
-317
1729
-2365
-318
1728
-2366
-319
1727
-2367
-320
1726
-2368
-321
1725
-2369
-322
1724
-2370
-323
1723
-2371
-324
1722
-2372
-325
1721
-2373
-326
1720
-2374
-327
1719
-2375
-328
1718
-2376
-329
1717
-2377
-330
1716
-2378
-331
1715
-2379
-332
1714
-2380
-333
1713
-2381
-334
1712
-2382
-335
1711
-2383
-336
1710
-2384
-337
1709
-2385
-338
1708
-2386
-339
1707
-2387
-340
1706
-2388
-341
1705
-2389
-342
1704
-2390
-343
1703
-2391
-344
1702
-2392
-345
1701
-2393
-346
1700
-2394
-347
1699
-2395
-348
1698
-2396
-349
1697
-2397
-350
1696
-2398
-351
1695
-2399
-352
1694
-2400
-353
1693
-2401
-354
1692
-2402
-355
1691
-2403
-356
1690
-2404
-357
1689
-2405
-358
1688
-2406
-359
1687
-2407
-360
1686
-2408
-361
1685
-2409
-362
1684
-2410
-363
1683
-2411
-364
1682
-2412
-365
1681
-2413
-366
1680
-2414
-367
1679
-2415
-368
1678
-2416
-369
1677
-2417
-370
1676
-2418
-371
1675
-2419
-372
1674
-2420
-373
1673
-2421
-374
1672
-2422
-375
1671
-2423
-376
1670
-2424
-377
1669
-2425
-378
1668
-2426
-379
1667
-2427
-380
1666
-2428
-381
1665
-2429
-382
1664
-2430
-383
1663
-2431
-384
1662
-2432
-385
1661
-2433
-386
1660
-2434
-387
1659
-2435
-388
1658
-2436
-389
1657
-2437
-390
1656
-2438
-391
1655
-2439
-392
1654
-2440
-393
1653
-2441
-394
1652
-2442
-395
1651
-2443
-396
1650
-2444
-397
1649
-2445
-398
1648
-2446
-399
1647
-2447
-400
1646
-2448
-401
1645
-2449
-402
1644
-2450
-403
1643
-2451
-404
1642
-2452
-405
1641
-2453
-406
1640
-2454
-407
1639
-2455
-408
1638
-2456
-409
1637
-2457
-410
1636
-2458
-411
1635
-2459
-412
1634
-2460
-413
1633
-2461
-414
1632
-2462
-415
1631
-2463
-416
1630
-2464
-417
1629
-2465
-418
1628
-2466
-419
1627
-2467
-420
1626
-2468
-421
1625
-2469
-422
1624
-2470
-423
1623
-2471
-424
1622
-2472
-425
1621
-2473
-426
1620
-2474
-427
1619
-2475
-428
1618
-2476
-429
1617
-2477
-430
1616
-2478
-431
1615
-2479
-432
1614
-2480
-433
1613
-2481
-434
1612
-2482
-435
1611
-2483
-436
1610
-2484
-437
1609
-2485
-438
1608
-2486
-439
1607
-2487
-440
1606
-2488
-441
1605
-2489
-442
1604
-2490
-443
1603
-2491
-444
1602
-2492
-445
1601
-2493
-446
1600
-2494
-447
1599
-2495
-448
1598
-2496
-449
1597
-2497
-450
1596
-2498
-451
1595
-2499
-452
1594
-2500
-453
1593
-2501
-454
1592
-2502
-455
1591
-2503
-456
1590
-2504
-457
1589
-2505
-458
1588
-2506
-459
1587
-2507
-460
1586
-2508
-461
1585
-2509
-462
1584
-2510
-463
1583
-2511
-464
1582
-2512
-465
1581
-2513
-466
1580
-2514
-467
1579
-2515
-468
1578
-2516
-469
1577
-2517
-470
1576
-2518
-471
1575
-2519
-472
1574
-2520
-473
1573
-2521
-474
1572
-2522
-475
1571
-2523
-476
1570
-2524
-477
1569
-2525
-478
1568
-2526
-479
1567
-2527
-480
1566
-2528
-481
1565
-2529
-482
1564
-2530
-483
1563
-2531
-484
1562
-2532
-485
1561
-2533
-486
1560
-2534
-487
1559
-2535
-488
1558
-2536
-489
1557
-2537
-490
1556
-2538
-491
1555
-2539
-492
1554
-2540
-493
1553
-2541
-494
1552
-2542
-495
1551
-2543
-496
1550
-2544
-497
1549
-2545
-498
1548
-2546
-499
1547
-2547
-500
1546
-2548
-501
1545
-2549
-502
1544
-2550
-503
1543
-2551
-504
1542
-2552
-505
1541
-2553
-506
1540
-2554
-507
1539
-2555
-508
1538
-2556
-509
1537
-2557
-510
1536
-2558
-511
1535
-2559
-512
1534
-2560
-513
1533
-2561
-514
1532
-2562
-515
1531
-2563
-516
1530
-2564
-517
1529
-2565
-518
1528
-2566
-519
1527
-2567
-520
1526
-2568
-521
1525
-2569
-522
1524
-2570
-523
1523
-2571
-524
1522
-2572
-525
1521
-2573
-526
1520
-2574
-527
1519
-2575
-528
1518
-2576
-529
1517
-2577
-530
1516
-2578
-531
1515
-2579
-532
1514
-2580
-533
1513
-2581
-534
1512
-2582
-535
1511
-2583
-536
1510
-2584
-537
1509
-2585
-538
1508
-2586
-539
1507
-2587
-540
1506
-2588
-541
1505
-2589
-542
1504
-2590
-543
1503
-2591
-544
1502
-2592
-545
1501
-2593
-546
1500
-2594
-547
1499
-2595
-548
1498
-2596
-549
1497
-2597
-550
1496
-2598
-551
1495
-2599
-552
1494
-2600
-553
1493
-2601
-554
1492
-2602
-555
1491
-2603
-556
1490
-2604
-557
1489
-2605
-558
1488
-2606
-559
1487
-2607
-560
1486
-2608
-561
1485
-2609
-562
1484
-2610
-563
1483
-2611
-564
1482
-2612
-565
1481
-2613
-566
1480
-2614
-567
1479
-2615
-568
1478
-2616
-569
1477
-2617
-570
1476
-2618
-571
1475
-2619
-572
1474
-2620
-573
1473
-2621
-574
1472
-2622
-575
1471
-2623
-576
1470
-2624
-577
1469
-2625
-578
1468
-2626
-579
1467
-2627
-580
1466
-2628
-581
1465
-2629
-582
1464
-2630
-583
1463
-2631
-584
1462
-2632
-585
1461
-2633
-586
1460
-2634
-587
1459
-2635
-588
1458
-2636
-589
1457
-2637
-590
1456
-2638
-591
1455
-2639
-592
1454
-2640
-593
1453
-2641
-594
1452
-2642
-595
1451
-2643
-596
1450
-2644
-597
1449
-2645
-598
1448
-2646
-599
1447
-2647
-600
1446
-2648
-601
1445
-2649
-602
1444
-2650
-603
1443
-2651
-604
1442
-2652
-605
1441
-2653
-606
1440
-2654
-607
1439
-2655
-608
1438
-2656
-609
1437
-2657
-610
1436
-2658
-611
1435
-2659
-612
1434
-2660
-613
1433
-2661
-614
1432
-2662
-615
1431
-2663
-616
1430
-2664
-617
1429
-2665
-618
1428
-2666
-619
1427
-2667
-620
1426
-2668
-621
1425
-2669
-622
1424
-2670
-623
1423
-2671
-624
1422
-2672
-625
1421
-2673
-626
1420
-2674
-627
1419
-2675
-628
1418
-2676
-629
1417
-2677
-630
1416
-2678
-631
1415
-2679
-632
1414
-2680
-633
1413
-2681
-634
1412
-2682
-635
1411
-2683
-636
1410
-2684
-637
1409
-2685
-638
1408
-2686
-639
1407
-2687
-640
1406
-2688
-641
1405
-2689
-642
1404
-2690
-643
1403
-2691
-644
1402
-2692
-645
1401
-2693
-646
1400
-2694
-647
1399
-2695
-648
1398
-2696
-649
1397
-2697
-650
1396
-2698
-651
1395
-2699
-652
1394
-2700
-653
1393
-2701
-654
1392
-2702
-655
1391
-2703
-656
1390
-2704
-657
1389
-2705
-658
1388
-2706
-659
1387
-2707
-660
1386
-2708
-661
1385
-2709
-662
1384
-2710
-663
1383
-2711
-664
1382
-2712
-665
1381
-2713
-666
1380
-2714
-667
1379
-2715
-668
1378
-2716
-669
1377
-2717
-670
1376
-2718
-671
1375
-2719
-672
1374
-2720
-673
1373
-2721
-674
1372
-2722
-675
1371
-2723
-676
1370
-2724
-677
1369
-2725
-678
1368
-2726
-679
1367
-2727
-680
1366
-2728
-681
1365
-2729
-682
1364
-2730
-683
1363
-2731
-684
1362
-2732
-685
1361
-2733
-686
1360
-2734
-687
1359
-2735
-688
1358
-2736
-689
1357
-2737
-690
1356
-2738
-691
1355
-2739
-692
1354
-2740
-693
1353
-2741
-694
1352
-2742
-695
1351
-2743
-696
1350
-2744
-697
1349
-2745
-698
1348
-2746
-699
1347
-2747
-700
1346
-2748
-701
1345
-2749
-702
1344
-2750
-703
1343
-2751
-704
1342
-2752
-705
1341
-2753
-706
1340
-2754
-707
1339
-2755
-708
1338
-2756
-709
1337
-2757
-710
1336
-2758
-711
1335
-2759
-712
1334
-2760
-713
1333
-2761
-714
1332
-2762
-715
1331
-2763
-716
1330
-2764
-717
1329
-2765
-718
1328
-2766
-719
1327
-2767
-720
1326
-2768
-721
1325
-2769
-722
1324
-2770
-723
1323
-2771
-724
1322
-2772
-725
1321
-2773
-726
1320
-2774
-727
1319
-2775
-728
1318
-2776
-729
1317
-2777
-730
1316
-2778
-731
1315
-2779
-732
1314
-2780
-733
1313
-2781
-734
1312
-2782
-735
1311
-2783
-736
1310
-2784
-737
1309
-2785
-738
1308
-2786
-739
1307
-2787
-740
1306
-2788
-741
1305
-2789
-742
1304
-2790
-743
1303
-2791
-744
1302
-2792
-745
1301
-2793
-746
1300
-2794
-747
1299
-2795
-748
1298
-2796
-749
1297
-2797
-750
1296
-2798
-751
1295
-2799
-752
1294
-2800
-753
1293
-2801
-754
1292
-2802
-755
1291
-2803
-756
1290
-2804
-757
1289
-2805
-758
1288
-2806
-759
1287
-2807
-760
1286
-2808
-761
1285
-2809
-762
1284
-2810
-763
1283
-2811
-764
1282
-2812
-765
1281
-2813
-766
1280
-2814
-767
1279
-2815
-768
1278
-2816
-769
1277
-2817
-770
1276
-2818
-771
1275
-2819
-772
1274
-2820
-773
1273
-2821
-774
1272
-2822
-775
1271
-2823
-776
1270
-2824
-777
1269
-2825
-778
1268
-2826
-779
1267
-2827
-780
1266
-2828
-781
1265
-2829
-782
1264
-2830
-783
1263
-2831
-784
1262
-2832
-785
1261
-2833
-786
1260
-2834
-787
1259
-2835
-788
1258
-2836
-789
1257
-2837
-790
1256
-2838
-791
1255
-2839
-792
1254
-2840
-793
1253
-2841
-794
1252
-2842
-795
1251
-2843
-796
1250
-2844
-797
1249
-2845
-798
1248
-2846
-799
1247
-2847
-800
1246
-2848
-801
1245
-2849
-802
1244
-2850
-803
1243
-2851
-804
1242
-2852
-805
1241
-2853
-806
1240
-2854
-807
1239
-2855
-808
1238
-2856
-809
1237
-2857
-810
1236
-2858
-811
1235
-2859
-812
1234
-2860
-813
1233
-2861
-814
1232
-2862
-815
1231
-2863
-816
1230
-2864
-817
1229
-2865
-818
1228
-2866
-819
1227
-2867
-820
1226
-2868
-821
1225
-2869
-822
1224
-2870
-823
1223
-2871
-824
1222
-2872
-825
1221
-2873
-826
1220
-2874
-827
1219
-2875
-828
1218
-2876
-829
1217
-2877
-830
1216
-2878
-831
1215
-2879
-832
1214
-2880
-833
1213
-2881
-834
1212
-2882
-835
1211
-2883
-836
1210
-2884
-837
1209
-2885
-838
1208
-2886
-839
1207
-2887
-840
1206
-2888
-841
1205
-2889
-842
1204
-2890
-843
1203
-2891
-844
1202
-2892
-845
1201
-2893
-846
1200
-2894
-847
1199
-2895
-848
1198
-2896
-849
1197
-2897
-850
1196
-2898
-851
1195
-2899
-852
1194
-2900
-853
1193
-2901
-854
1192
-2902
-855
1191
-2903
-856
1190
-2904
-857
1189
-2905
-858
1188
-2906
-859
1187
-2907
-860
1186
-2908
-861
1185
-2909
-862
1184
-2910
-863
1183
-2911
-864
1182
-2912
-865
1181
-2913
-866
1180
-2914
-867
1179
-2915
-868
1178
-2916
-869
1177
-2917
-870
1176
-2918
-871
1175
-2919
-872
1174
-2920
-873
1173
-2921
-874
1172
-2922
-875
1171
-2923
-876
1170
-2924
-877
1169
-2925
-878
1168
-2926
-879
1167
-2927
-880
1166
-2928
-881
1165
-2929
-882
1164
-2930
-883
1163
-2931
-884
1162
-2932
-885
1161
-2933
-886
1160
-2934
-887
1159
-2935
-888
1158
-2936
-889
1157
-2937
-890
1156
-2938
-891
1155
-2939
-892
1154
-2940
-893
1153
-2941
-894
1152
-2942
-895
1151
-2943
-896
1150
-2944
-897
1149
-2945
-898
1148
-2946
-899
1147
-2947
-900
1146
-2948
-901
1145
-2949
-902
1144
-2950
-903
1143
-2951
-904
1142
-2952
-905
1141
-2953
-906
1140
-2954
-907
1139
-2955
-908
1138
-2956
-909
1137
-2957
-910
1136
-2958
-911
1135
-2959
-912
1134
-2960
-913
1133
-2961
-914
1132
-2962
-915
1131
-2963
-916
1130
-2964
-917
1129
-2965
-918
1128
-2966
-919
1127
-2967
-920
1126
-2968
-921
1125
-2969
-922
1124
-2970
-923
1123
-2971
-924
1122
-2972
-925
1121
-2973
-926
1120
-2974
-927
1119
-2975
-928
1118
-2976
-929
1117
-2977
-930
1116
-2978
-931
1115
-2979
-932
1114
-2980
-933
1113
-2981
-934
1112
-2982
-935
1111
-2983
-936
1110
-2984
-937
1109
-2985
-938
1108
-2986
-939
1107
-2987
-940
1106
-2988
-941
1105
-2989
-942
1104
-2990
-943
1103
-2991
-944
1102
-2992
-945
1101
-2993
-946
1100
-2994
-947
1099
-2995
-948
1098
-2996
-949
1097
-2997
-950
1096
-2998
-951
1095
-2999
-952
1094
-3000
-953
1093
-3001
-954
1092
-3002
-955
1091
-3003
-956
1090
-3004
-957
1089
-3005
-958
1088
-3006
-959
1087
-3007
-960
1086
-3008
-961
1085
-3009
-962
1084
-3010
-963
1083
-3011
-964
1082
-3012
-965
1081
-3013
-966
1080
-3014
-967
1079
-3015
-968
1078
-3016
-969
1077
-3017
-970
1076
-3018
-971
1075
-3019
-972
1074
-3020
-973
1073
-3021
-974
1072
-3022
-975
1071
-3023
-976
1070
-3024
-977
1069
-3025
-978
1068
-3026
-979
1067
-3027
-980
1066
-3028
-981
1065
-3029
-982
1064
-3030
-983
1063
-3031
-984
1062
-3032
-985
1061
-3033
-986
1060
-3034
-987
1059
-3035
-988
1058
-3036
-989
1057
-3037
-990
1056
-3038
-991
1055
-3039
-992
1054
-3040
-993
1053
-3041
-994
1052
-3042
-995
1051
-3043
-996
1050
-3044
-997
1049
-3045
-998
1048
-3046
-999
1047
-3047
-1000
1046
-3048
-1001
1045
-3049
-1002
1044
-3050
-1003
1043
-3051
-1004
1042
-3052
-1005
1041
-3053
-1006
1040
-3054
-1007
1039
-3055
-1008
1038
-3056
-1009
1037
-3057
-1010
1036
-3058
-1011
1035
-3059
-1012
1034
-3060
-1013
1033
-3061
-1014
1032
-3062
-1015
1031
-3063
-1016
1030
-3064
-1017
1029
-3065
-1018
1028
-3066
-1019
1027
-3067
-1020
1026
-3068
-1021
1025
-3069
-1022
1024
-3070
-1023
1023
-3071
-1024
1022
-3072
-1025
1021
-3073
-1026
1020
-3074
-1027
1019
-3075
-1028
1018
-3076
-1029
1017
-3077
-1030
1016
-3078
-1031
1015
-3079
-1032
1014
-3080
-1033
1013
-3081
-1034
1012
-3082
-1035
1011
-3083
-1036
1010
-3084
-1037
1009
-3085
-1038
1008
-3086
-1039
1007
-3087
-1040
1006
-3088
-1041
1005
-3089
-1042
1004
-3090
-1043
1003
-3091
-1044
1002
-3092
-1045
1001
-3093
-1046
1000
-3094
-1047
999
-3095
-1048
998
-3096
-1049
997
-3097
-1050
996
-3098
-1051
995
-3099
-1052
994
-3100
-1053
993
-3101
-1054
992
-3102
-1055
991
-3103
-1056
990
-3104
-1057
989
-3105
-1058
988
-3106
-1059
987
-3107
-1060
986
-3108
-1061
985
-3109
-1062
984
-3110
-1063
983
-3111
-1064
982
-3112
-1065
981
-3113
-1066
980
-3114
-1067
979
-3115
-1068
978
-3116
-1069
977
-3117
-1070
976
-3118
-1071
975
-3119
-1072
974
-3120
-1073
973
-3121
-1074
972
-3122
-1075
971
-3123
-1076
970
-3124
-1077
969
-3125
-1078
968
-3126
-1079
967
-3127
-1080
966
-3128
-1081
965
-3129
-1082
964
-3130
-1083
963
-3131
-1084
962
-3132
-1085
961
-3133
-1086
960
-3134
-1087
959
-3135
-1088
958
-3136
-1089
957
-3137
-1090
956
-3138
-1091
955
-3139
-1092
954
-3140
-1093
953
-3141
-1094
952
-3142
-1095
951
-3143
-1096
950
-3144
-1097
949
-3145
-1098
948
-3146
-1099
947
-3147
-1100
946
-3148
-1101
945
-3149
-1102
944
-3150
-1103
943
-3151
-1104
942
-3152
-1105
941
-3153
-1106
940
-3154
-1107
939
-3155
-1108
938
-3156
-1109
937
-3157
-1110
936
-3158
-1111
935
-3159
-1112
934
-3160
-1113
933
-3161
-1114
932
-3162
-1115
931
-3163
-1116
930
-3164
-1117
929
-3165
-1118
928
-3166
-1119
927
-3167
-1120
926
-3168
-1121
925
-3169
-1122
924
-3170
-1123
923
-3171
-1124
922
-3172
-1125
921
-3173
-1126
920
-3174
-1127
919
-3175
-1128
918
-3176
-1129
917
-3177
-1130
916
-3178
-1131
915
-3179
-1132
914
-3180
-1133
913
-3181
-1134
912
-3182
-1135
911
-3183
-1136
910
-3184
-1137
909
-3185
-1138
908
-3186
-1139
907
-3187
-1140
906
-3188
-1141
905
-3189
-1142
904
-3190
-1143
903
-3191
-1144
902
-3192
-1145
901
-3193
-1146
900
-3194
-1147
899
-3195
-1148
898
-3196
-1149
897
-3197
-1150
896
-3198
-1151
895
-3199
-1152
894
-3200
-1153
893
-3201
-1154
892
-3202
-1155
891
-3203
-1156
890
-3204
-1157
889
-3205
-1158
888
-3206
-1159
887
-3207
-1160
886
-3208
-1161
885
-3209
-1162
884
-3210
-1163
883
-3211
-1164
882
-3212
-1165
881
-3213
-1166
880
-3214
-1167
879
-3215
-1168
878
-3216
-1169
877
-3217
-1170
876
-3218
-1171
875
-3219
-1172
874
-3220
-1173
873
-3221
-1174
872
-3222
-1175
871
-3223
-1176
870
-3224
-1177
869
-3225
-1178
868
-3226
-1179
867
-3227
-1180
866
-3228
-1181
865
-3229
-1182
864
-3230
-1183
863
-3231
-1184
862
-3232
-1185
861
-3233
-1186
860
-3234
-1187
859
-3235
-1188
858
-3236
-1189
857
-3237
-1190
856
-3238
-1191
855
-3239
-1192
854
-3240
-1193
853
-3241
-1194
852
-3242
-1195
851
-3243
-1196
850
-3244
-1197
849
-3245
-1198
848
-3246
-1199
847
-3247
-1200
846
-3248
-1201
845
-3249
-1202
844
-3250
-1203
843
-3251
-1204
842
-3252
-1205
841
-3253
-1206
840
-3254
-1207
839
-3255
-1208
838
-3256
-1209
837
-3257
-1210
836
-3258
-1211
835
-3259
-1212
834
-3260
-1213
833
-3261
-1214
832
-3262
-1215
831
-3263
-1216
830
-3264
-1217
829
-3265
-1218
828
-3266
-1219
827
-3267
-1220
826
-3268
-1221
825
-3269
-1222
824
-3270
-1223
823
-3271
-1224
822
-3272
-1225
821
-3273
-1226
820
-3274
-1227
819
-3275
-1228
818
-3276
-1229
817
-3277
-1230
816
-3278
-1231
815
-3279
-1232
814
-3280
-1233
813
-3281
-1234
812
-3282
-1235
811
-3283
-1236
810
-3284
-1237
809
-3285
-1238
808
-3286
-1239
807
-3287
-1240
806
-3288
-1241
805
-3289
-1242
804
-3290
-1243
803
-3291
-1244
802
-3292
-1245
801
-3293
-1246
800
-3294
-1247
799
-3295
-1248
798
-3296
-1249
797
-3297
-1250
796
-3298
-1251
795
-3299
-1252
794
-3300
-1253
793
-3301
-1254
792
-3302
-1255
791
-3303
-1256
790
-3304
-1257
789
-3305
-1258
788
-3306
-1259
787
-3307
-1260
786
-3308
-1261
785
-3309
-1262
784
-3310
-1263
783
-3311
-1264
782
-3312
-1265
781
-3313
-1266
780
-3314
-1267
779
-3315
-1268
778
-3316
-1269
777
-3317
-1270
776
-3318
-1271
775
-3319
-1272
774
-3320
-1273
773
-3321
-1274
772
-3322
-1275
771
-3323
-1276
770
-3324
-1277
769
-3325
-1278
768
-3326
-1279
767
-3327
-1280
766
-3328
-1281
765
-3329
-1282
764
-3330
-1283
763
-3331
-1284
762
-3332
-1285
761
-3333
-1286
760
-3334
-1287
759
-3335
-1288
758
-3336
-1289
757
-3337
-1290
756
-3338
-1291
755
-3339
-1292
754
-3340
-1293
753
-3341
-1294
752
-3342
-1295
751
-3343
-1296
750
-3344
-1297
749
-3345
-1298
748
-3346
-1299
747
-3347
-1300
746
-3348
-1301
745
-3349
-1302
744
-3350
-1303
743
-3351
-1304
742
-3352
-1305
741
-3353
-1306
740
-3354
-1307
739
-3355
-1308
738
-3356
-1309
737
-3357
-1310
736
-3358
-1311
735
-3359
-1312
734
-3360
-1313
733
-3361
-1314
732
-3362
-1315
731
-3363
-1316
730
-3364
-1317
729
-3365
-1318
728
-3366
-1319
727
-3367
-1320
726
-3368
-1321
725
-3369
-1322
724
-3370
-1323
723
-3371
-1324
722
-3372
-1325
721
-3373
-1326
720
-3374
-1327
719
-3375
-1328
718
-3376
-1329
717
-3377
-1330
716
-3378
-1331
715
-3379
-1332
714
-3380
-1333
713
-3381
-1334
712
-3382
-1335
711
-3383
-1336
710
-3384
-1337
709
-3385
-1338
708
-3386
-1339
707
-3387
-1340
706
-3388
-1341
705
-3389
-1342
704
-3390
-1343
703
-3391
-1344
702
-3392
-1345
701
-3393
-1346
700
-3394
-1347
699
-3395
-1348
698
-3396
-1349
697
-3397
-1350
696
-3398
-1351
695
-3399
-1352
694
-3400
-1353
693
-3401
-1354
692
-3402
-1355
691
-3403
-1356
690
-3404
-1357
689
-3405
-1358
688
-3406
-1359
687
-3407
-1360
686
-3408
-1361
685
-3409
-1362
684
-3410
-1363
683
-3411
-1364
682
-3412
-1365
681
-3413
-1366
680
-3414
-1367
679
-3415
-1368
678
-3416
-1369
677
-3417
-1370
676
-3418
-1371
675
-3419
-1372
674
-3420
-1373
673
-3421
-1374
672
-3422
-1375
671
-3423
-1376
670
-3424
-1377
669
-3425
-1378
668
-3426
-1379
667
-3427
-1380
666
-3428
-1381
665
-3429
-1382
664
-3430
-1383
663
-3431
-1384
662
-3432
-1385
661
-3433
-1386
660
-3434
-1387
659
-3435
-1388
658
-3436
-1389
657
-3437
-1390
656
-3438
-1391
655
-3439
-1392
654
-3440
-1393
653
-3441
-1394
652
-3442
-1395
651
-3443
-1396
650
-3444
-1397
649
-3445
-1398
648
-3446
-1399
647
-3447
-1400
646
-3448
-1401
645
-3449
-1402
644
-3450
-1403
643
-3451
-1404
642
-3452
-1405
641
-3453
-1406
640
-3454
-1407
639
-3455
-1408
638
-3456
-1409
637
-3457
-1410
636
-3458
-1411
635
-3459
-1412
634
-3460
-1413
633
-3461
-1414
632
-3462
-1415
631
-3463
-1416
630
-3464
-1417
629
-3465
-1418
628
-3466
-1419
627
-3467
-1420
626
-3468
-1421
625
-3469
-1422
624
-3470
-1423
623
-3471
-1424
622
-3472
-1425
621
-3473
-1426
620
-3474
-1427
619
-3475
-1428
618
-3476
-1429
617
-3477
-1430
616
-3478
-1431
615
-3479
-1432
614
-3480
-1433
613
-3481
-1434
612
-3482
-1435
611
-3483
-1436
610
-3484
-1437
609
-3485
-1438
608
-3486
-1439
607
-3487
-1440
606
-3488
-1441
605
-3489
-1442
604
-3490
-1443
603
-3491
-1444
602
-3492
-1445
601
-3493
-1446
600
-3494
-1447
599
-3495
-1448
598
-3496
-1449
597
-3497
-1450
596
-3498
-1451
595
-3499
-1452
594
-3500
-1453
593
-3501
-1454
592
-3502
-1455
591
-3503
-1456
590
-3504
-1457
589
-3505
-1458
588
-3506
-1459
587
-3507
-1460
586
-3508
-1461
585
-3509
-1462
584
-3510
-1463
583
-3511
-1464
582
-3512
-1465
581
-3513
-1466
580
-3514
-1467
579
-3515
-1468
578
-3516
-1469
577
-3517
-1470
576
-3518
-1471
575
-3519
-1472
574
-3520
-1473
573
-3521
-1474
572
-3522
-1475
571
-3523
-1476
570
-3524
-1477
569
-3525
-1478
568
-3526
-1479
567
-3527
-1480
566
-3528
-1481
565
-3529
-1482
564
-3530
-1483
563
-3531
-1484
562
-3532
-1485
561
-3533
-1486
560
-3534
-1487
559
-3535
-1488
558
-3536
-1489
557
-3537
-1490
556
-3538
-1491
555
-3539
-1492
554
-3540
-1493
553
-3541
-1494
552
-3542
-1495
551
-3543
-1496
550
-3544
-1497
549
-3545
-1498
548
-3546
-1499
547
-3547
-1500
546
-3548
-1501
545
-3549
-1502
544
-3550
-1503
543
-3551
-1504
542
-3552
-1505
541
-3553
-1506
540
-3554
-1507
539
-3555
-1508
538
-3556
-1509
537
-3557
-1510
536
-3558
-1511
535
-3559
-1512
534
-3560
-1513
533
-3561
-1514
532
-3562
-1515
531
-3563
-1516
530
-3564
-1517
529
-3565
-1518
528
-3566
-1519
527
-3567
-1520
526
-3568
-1521
525
-3569
-1522
524
-3570
-1523
523
-3571
-1524
522
-3572
-1525
521
-3573
-1526
520
-3574
-1527
519
-3575
-1528
518
-3576
-1529
517
-3577
-1530
516
-3578
-1531
515
-3579
-1532
514
-3580
-1533
513
-3581
-1534
512
-3582
-1535
511
-3583
-1536
510
-3584
-1537
509
-3585
-1538
508
-3586
-1539
507
-3587
-1540
506
-3588
-1541
505
-3589
-1542
504
-3590
-1543
503
-3591
-1544
502
-3592
-1545
501
-3593
-1546
500
-3594
-1547
499
-3595
-1548
498
-3596
-1549
497
-3597
-1550
496
-3598
-1551
495
-3599
-1552
494
-3600
-1553
493
-3601
-1554
492
-3602
-1555
491
-3603
-1556
490
-3604
-1557
489
-3605
-1558
488
-3606
-1559
487
-3607
-1560
486
-3608
-1561
485
-3609
-1562
484
-3610
-1563
483
-3611
-1564
482
-3612
-1565
481
-3613
-1566
480
-3614
-1567
479
-3615
-1568
478
-3616
-1569
477
-3617
-1570
476
-3618
-1571
475
-3619
-1572
474
-3620
-1573
473
-3621
-1574
472
-3622
-1575
471
-3623
-1576
470
-3624
-1577
469
-3625
-1578
468
-3626
-1579
467
-3627
-1580
466
-3628
-1581
465
-3629
-1582
464
-3630
-1583
463
-3631
-1584
462
-3632
-1585
461
-3633
-1586
460
-3634
-1587
459
-3635
-1588
458
-3636
-1589
457
-3637
-1590
456
-3638
-1591
455
-3639
-1592
454
-3640
-1593
453
-3641
-1594
452
-3642
-1595
451
-3643
-1596
450
-3644
-1597
449
-3645
-1598
448
-3646
-1599
447
-3647
-1600
446
-3648
-1601
445
-3649
-1602
444
-3650
-1603
443
-3651
-1604
442
-3652
-1605
441
-3653
-1606
440
-3654
-1607
439
-3655
-1608
438
-3656
-1609
437
-3657
-1610
436
-3658
-1611
435
-3659
-1612
434
-3660
-1613
433
-3661
-1614
432
-3662
-1615
431
-3663
-1616
430
-3664
-1617
429
-3665
-1618
428
-3666
-1619
427
-3667
-1620
426
-3668
-1621
425
-3669
-1622
424
-3670
-1623
423
-3671
-1624
422
-3672
-1625
421
-3673
-1626
420
-3674
-1627
419
-3675
-1628
418
-3676
-1629
417
-3677
-1630
416
-3678
-1631
415
-3679
-1632
414
-3680
-1633
413
-3681
-1634
412
-3682
-1635
411
-3683
-1636
410
-3684
-1637
409
-3685
-1638
408
-3686
-1639
407
-3687
-1640
406
-3688
-1641
405
-3689
-1642
404
-3690
-1643
403
-3691
-1644
402
-3692
-1645
401
-3693
-1646
400
-3694
-1647
399
-3695
-1648
398
-3696
-1649
397
-3697
-1650
396
-3698
-1651
395
-3699
-1652
394
-3700
-1653
393
-3701
-1654
392
-3702
-1655
391
-3703
-1656
390
-3704
-1657
389
-3705
-1658
388
-3706
-1659
387
-3707
-1660
386
-3708
-1661
385
-3709
-1662
384
-3710
-1663
383
-3711
-1664
382
-3712
-1665
381
-3713
-1666
380
-3714
-1667
379
-3715
-1668
378
-3716
-1669
377
-3717
-1670
376
-3718
-1671
375
-3719
-1672
374
-3720
-1673
373
-3721
-1674
372
-3722
-1675
371
-3723
-1676
370
-3724
-1677
369
-3725
-1678
368
-3726
-1679
367
-3727
-1680
366
-3728
-1681
365
-3729
-1682
364
-3730
-1683
363
-3731
-1684
362
-3732
-1685
361
-3733
-1686
360
-3734
-1687
359
-3735
-1688
358
-3736
-1689
357
-3737
-1690
356
-3738
-1691
355
-3739
-1692
354
-3740
-1693
353
-3741
-1694
352
-3742
-1695
351
-3743
-1696
350
-3744
-1697
349
-3745
-1698
348
-3746
-1699
347
-3747
-1700
346
-3748
-1701
345
-3749
-1702
344
-3750
-1703
343
-3751
-1704
342
-3752
-1705
341
-3753
-1706
340
-3754
-1707
339
-3755
-1708
338
-3756
-1709
337
-3757
-1710
336
-3758
-1711
335
-3759
-1712
334
-3760
-1713
333
-3761
-1714
332
-3762
-1715
331
-3763
-1716
330
-3764
-1717
329
-3765
-1718
328
-3766
-1719
327
-3767
-1720
326
-3768
-1721
325
-3769
-1722
324
-3770
-1723
323
-3771
-1724
322
-3772
-1725
321
-3773
-1726
320
-3774
-1727
319
-3775
-1728
318
-3776
-1729
317
-3777
-1730
316
-3778
-1731
315
-3779
-1732
314
-3780
-1733
313
-3781
-1734
312
-3782
-1735
311
-3783
-1736
310
-3784
-1737
309
-3785
-1738
308
-3786
-1739
307
-3787
-1740
306
-3788
-1741
305
-3789
-1742
304
-3790
-1743
303
-3791
-1744
302
-3792
-1745
301
-3793
-1746
300
-3794
-1747
299
-3795
-1748
298
-3796
-1749
297
-3797
-1750
296
-3798
-1751
295
-3799
-1752
294
-3800
-1753
293
-3801
-1754
292
-3802
-1755
291
-3803
-1756
290
-3804
-1757
289
-3805
-1758
288
-3806
-1759
287
-3807
-1760
286
-3808
-1761
285
-3809
-1762
284
-3810
-1763
283
-3811
-1764
282
-3812
-1765
281
-3813
-1766
280
-3814
-1767
279
-3815
-1768
278
-3816
-1769
277
-3817
-1770
276
-3818
-1771
275
-3819
-1772
274
-3820
-1773
273
-3821
-1774
272
-3822
-1775
271
-3823
-1776
270
-3824
-1777
269
-3825
-1778
268
-3826
-1779
267
-3827
-1780
266
-3828
-1781
265
-3829
-1782
264
-3830
-1783
263
-3831
-1784
262
-3832
-1785
261
-3833
-1786
260
-3834
-1787
259
-3835
-1788
258
-3836
-1789
257
-3837
-1790
256
-3838
-1791
255
-3839
-1792
254
-3840
-1793
253
-3841
-1794
252
-3842
-1795
251
-3843
-1796
250
-3844
-1797
249
-3845
-1798
248
-3846
-1799
247
-3847
-1800
246
-3848
-1801
245
-3849
-1802
244
-3850
-1803
243
-3851
-1804
242
-3852
-1805
241
-3853
-1806
240
-3854
-1807
239
-3855
-1808
238
-3856
-1809
237
-3857
-1810
236
-3858
-1811
235
-3859
-1812
234
-3860
-1813
233
-3861
-1814
232
-3862
-1815
231
-3863
-1816
230
-3864
-1817
229
-3865
-1818
228
-3866
-1819
227
-3867
-1820
226
-3868
-1821
225
-3869
-1822
224
-3870
-1823
223
-3871
-1824
222
-3872
-1825
221
-3873
-1826
220
-3874
-1827
219
-3875
-1828
218
-3876
-1829
217
-3877
-1830
216
-3878
-1831
215
-3879
-1832
214
-3880
-1833
213
-3881
-1834
212
-3882
-1835
211
-3883
-1836
210
-3884
-1837
209
-3885
-1838
208
-3886
-1839
207
-3887
-1840
206
-3888
-1841
205
-3889
-1842
204
-3890
-1843
203
-3891
-1844
202
-3892
-1845
201
-3893
-1846
200
-3894
-1847
199
-3895
-1848
198
-3896
-1849
197
-3897
-1850
196
-3898
-1851
195
-3899
-1852
194
-3900
-1853
193
-3901
-1854
192
-3902
-1855
191
-3903
-1856
190
-3904
-1857
189
-3905
-1858
188
-3906
-1859
187
-3907
-1860
186
-3908
-1861
185
-3909
-1862
184
-3910
-1863
183
-3911
-1864
182
-3912
-1865
181
-3913
-1866
180
-3914
-1867
179
-3915
-1868
178
-3916
-1869
177
-3917
-1870
176
-3918
-1871
175
-3919
-1872
174
-3920
-1873
173
-3921
-1874
172
-3922
-1875
171
-3923
-1876
170
-3924
-1877
169
-3925
-1878
168
-3926
-1879
167
-3927
-1880
166
-3928
-1881
165
-3929
-1882
164
-3930
-1883
163
-3931
-1884
162
-3932
-1885
161
-3933
-1886
160
-3934
-1887
159
-3935
-1888
158
-3936
-1889
157
-3937
-1890
156
-3938
-1891
155
-3939
-1892
154
-3940
-1893
153
-3941
-1894
152
-3942
-1895
151
-3943
-1896
150
-3944
-1897
149
-3945
-1898
148
-3946
-1899
147
-3947
-1900
146
-3948
-1901
145
-3949
-1902
144
-3950
-1903
143
-3951
-1904
142
-3952
-1905
141
-3953
-1906
140
-3954
-1907
139
-3955
-1908
138
-3956
-1909
137
-3957
-1910
136
-3958
-1911
135
-3959
-1912
134
-3960
-1913
133
-3961
-1914
132
-3962
-1915
131
-3963
-1916
130
-3964
-1917
129
-3965
-1918
128
-3966
-1919
127
-3967
-1920
126
-3968
-1921
125
-3969
-1922
124
-3970
-1923
123
-3971
-1924
122
-3972
-1925
121
-3973
-1926
120
-3974
-1927
119
-3975
-1928
118
-3976
-1929
117
-3977
-1930
116
-3978
-1931
115
-3979
-1932
114
-3980
-1933
113
-3981
-1934
112
-3982
-1935
111
-3983
-1936
110
-3984
-1937
109
-3985
-1938
108
-3986
-1939
107
-3987
-1940
106
-3988
-1941
105
-3989
-1942
104
-3990
-1943
103
-3991
-1944
102
-3992
-1945
101
-3993
-1946
100
-3994
-1947
99
-3995
-1948
98
-3996
-1949
97
-3997
-1950
96
-3998
-1951
95
-3999
-1952
94
-4000
-1953
93
-4001
-1954
92
-4002
-1955
91
-4003
-1956
90
-4004
-1957
89
-4005
-1958
88
-4006
-1959
87
-4007
-1960
86
-4008
-1961
85
-4009
-1962
84
-4010
-1963
83
-4011
-1964
82
-4012
-1965
81
-4013
-1966
80
-4014
-1967
79
-4015
-1968
78
-4016
-1969
77
-4017
-1970
76
-4018
-1971
75
-4019
-1972
74
-4020
-1973
73
-4021
-1974
72
-4022
-1975
71
-4023
-1976
70
-4024
-1977
69
-4025
-1978
68
-4026
-1979
67
-4027
-1980
66
-4028
-1981
65
-4029
-1982
64
-4030
-1983
63
-4031
-1984
62
-4032
-1985
61
-4033
-1986
60
-4034
-1987
59
-4035
-1988
58
-4036
-1989
57
-4037
-1990
56
-4038
-1991
55
-4039
-1992
54
-4040
-1993
53
-4041
-1994
52
-4042
-1995
51
-4043
-1996
50
-4044
-1997
49
-4045
-1998
48
-4046
-1999
47
-4047
-2000
46
-4048
-2001
45
-4049
-2002
44
-4050
-2003
43
-4051
-2004
42
-4052
-2005
41
-4053
-2006
40
-4054
-2007
39
-4055
-2008
38
-4056
-2009
37
-4057
-2010
36
-4058
-2011
35
-4059
-2012
34
-4060
-2013
33
-4061
-2014
32
-4062
-2015
31
-4063
-2016
30
-4064
-2017
29
-4065
-2018
28
-4066
-2019
27
-4067
-2020
26
-4068
-2021
25
-4069
-2022
24
-4070
-2023
23
-4071
-2024
22
-4072
-2025
21
-4073
-2026
20
-4074
-2027
19
-4075
-2028
18
-4076
-2029
17
-4077
-2030
16
-4078
-2031
15
-4079
-2032
14
-4080
-2033
13
-4081
-2034
12
-4082
-2035
11
-4083
-2036
10
-4084
-2037
9
-4085
-2038
8
-4086
-2039
7
-4087
-2040
6
-4088
-2041
5
-4089
-2042
4
-4090
-2043
3
-4091
-2044
2
-4092
-2045
1
-4093
-2046
0
-4094
-2046
0
0
