-357389824
-89216512
178433024
-357913600
-89216000
178956800
-358437376
-89215488
179480576
-358961152
-89214976
180004352
-359484928
-89214464
180528128
-360008704
-89213952
181051904
-360532480
-89213440
181575680
-361056256
-89212928
182099456
-361580032
-89212416
182623232
-362103808
-89211904
183147008
-362627584
-89211392
183670784
-363151360
-89210880
184194560
-363675136
-89210368
184718336
-364198912
-89209856
185242112
-364722688
-89209344
185765888
-365246464
-89208832
186289664
-365770240
-89208320
186813440
-366294016
-89207808
187337216
-366817792
-89207296
187860992
-367341568
-89206784
188384768
-367865344
-89206272
188908544
-368389120
-89205760
189432320
-368912896
-89205248
189956096
-369436672
-89204736
190479872
-369960448
-89204224
191003648
-370484224
-89203712
191527424
-371008000
-89203200
192051200
-371531776
-89202688
192574976
-372055552
-89202176
193098752
-372579328
-89201664
193622528
-373103104
-89201152
194146304
-373626880
-89200640
194670080
-374150656
-89200128
195193856
-374674432
-89199616
195717632
-375198208
-89199104
196241408
-375721984
-89198592
196765184
-376245760
-89198080
197288960
-376769536
-89197568
197812736
-377293312
-89197056
198336512
-377817088
-89196544
198860288
-378340864
-89196032
199384064
-378864640
-89195520
199907840
-379388416
-89195008
200431616
-379912192
-89194496
200955392
-380435968
-89193984
201479168
-380959744
-89193472
202002944
-381483520
-89192960
202526720
-382007296
-89192448
203050496
-382531072
-89191936
203574272
-383054848
-89191424
204098048
-383578624
-89190912
204621824
-384102400
-89190400
205145600
-384626176
-89189888
205669376
-385149952
-89189376
206193152
-385673728
-89188864
206716928
-386197504
-89188352
207240704
-386721280
-89187840
207764480
-387245056
-89187328
208288256
-387768832
-89186816
208812032
-388292608
-89186304
209335808
-388816384
-89185792
209859584
-389340160
-89185280
210383360
-389863936
-89184768
210907136
-390387712
-89184256
211430912
-390911488
-89183744
211954688
-391435264
-89183232
212478464
-391959040
-89182720
213002240
-392482816
-89182208
213526016
-393006592
-89181696
214049792
-393530368
-89181184
214573568
-394054144
-89180672
215097344
-394577920
-89180160
215621120
-395101696
-89179648
216144896
-395625472
-89179136
216668672
-396149248
-89178624
217192448
-396673024
-89178112
217716224
-397196800
-89177600
218240000
-397720576
-89177088
218763776
-398244352
-89176576
219287552
-398768128
-89176064
219811328
-399291904
-89175552
220335104
-399815680
-89175040
220858880
-400339456
-89174528
221382656
-400863232
-89174016
221906432
-401387008
-89173504
222430208
-401910784
-89172992
222953984
-402434560
-89172480
223477760
-402958336
-89171968
224001536
-403482112
-89171456
224525312
-404005888
-89170944
225049088
-404529664
-89170432
225572864
-405053440
-89169920
226096640
-405577216
-89169408
226620416
-406100992
-89168896
227144192
-406624768
-89168384
227667968
-407148544
-89167872
228191744
-407672320
-89167360
228715520
-408196096
-89166848
229239296
-408719872
-89166336
229763072
-409243648
-89165824
230286848
-409767424
-89165312
230810624
-410291200
-89164800
231334400
-410814976
-89164288
231858176
-411338752
-89163776
232381952
-411862528
-89163264
232905728
-412386304
-89162752
233429504
-412910080
-89162240
233953280
-413433856
-89161728
234477056
-413957632
-89161216
235000832
-414481408
-89160704
235524608
-415005184
-89160192
236048384
-415528960
-89159680
236572160
-416052736
-89159168
237095936
-416576512
-89158656
237619712
-417100288
-89158144
238143488
-417624064
-89157632
238667264
-418147840
-89157120
239191040
-418671616
-89156608
239714816
-419195392
-89156096
240238592
-419719168
-89155584
240762368
-420242944
-89155072
241286144
-420766720
-89154560
241809920
-421290496
-89154048
242333696
-421814272
-89153536
242857472
-422338048
-89153024
243381248
-422861824
-89152512
243905024
-423385600
-89152000
244428800
-423909376
-89151488
244952576
-424433152
-89150976
245476352
-424956928
-89150464
246000128
-425480704
-89149952
246523904
-426004480
-89149440
247047680
-426528256
-89148928
247571456
-427052032
-89148416
248095232
-427575808
-89147904
248619008
-428099584
-89147392
249142784
-428623360
-89146880
249666560
-429147136
-89146368
250190336
-429670912
-89145856
250714112
-430194688
-89145344
251237888
-430718464
-89144832
251761664
-431242240
-89144320
252285440
-431766016
-89143808
252809216
-432289792
-89143296
253332992
-432813568
-89142784
253856768
-433337344
-89142272
254380544
-433861120
-89141760
254904320
-434384896
-89141248
255428096
-434908672
-89140736
255951872
-435432448
-89140224
256475648
-435956224
-89139712
256999424
-436480000
-89139200
257523200
-437003776
-89138688
258046976
-437527552
-89138176
258570752
-438051328
-89137664
259094528
-438575104
-89137152
259618304
-439098880
-89136640
260142080
-439622656
-89136128
260665856
-440146432
-89135616
261189632
-440670208
-89135104
261713408
-441193984
-89134592
262237184
-441717760
-89134080
262760960
-442241536
-89133568
263284736
-442765312
-89133056
263808512
-443289088
-89132544
264332288
-443812864
-89132032
264856064
-444336640
-89131520
265379840
-444860416
-89131008
265903616
-445384192
-89130496
266427392
-445907968
-89129984
266951168
-446431744
-89129472
267474944
-446955520
-89128960
267998720
-447479296
-89128448
268522496
-448003072
-89127936
269046272
-448526848
-89127424
269570048
-449050624
-89126912
270093824
-449574400
-89126400
270617600
-450098176
-89125888
271141376
-450621952
-89125376
271665152
-451145728
-89124864
272188928
-451669504
-89124352
272712704
-452193280
-89123840
273236480
-452717056
-89123328
273760256
-453240832
-89122816
274284032
-453764608
-89122304
274807808
-454288384
-89121792
275331584
-454812160
-89121280
275855360
-455335936
-89120768
276379136
-455859712
-89120256
276902912
-456383488
-89119744
277426688
-456907264
-89119232
277950464
-457431040
-89118720
278474240
-457954816
-89118208
278998016
-458478592
-89117696
279521792
-459002368
-89117184
280045568
-459526144
-89116672
280569344
-460049920
-89116160
281093120
-460573696
-89115648
281616896
-461097472
-89115136
282140672
-461621248
-89114624
282664448
-462145024
-89114112
283188224
-462668800
-89113600
283712000
-463192576
-89113088
284235776
-463716352
-89112576
284759552
-464240128
-89112064
285283328
-464763904
-89111552
285807104
-465287680
-89111040
286330880
-465811456
-89110528
286854656
-466335232
-89110016
287378432
-466859008
-89109504
287902208
-467382784
-89108992
288425984
-467906560
-89108480
288949760
-468430336
-89107968
289473536
-468954112
-89107456
289997312
-469477888
-89106944
290521088
-470001664
-89106432
291044864
-470525440
-89105920
291568640
-471049216
-89105408
292092416
-471572992
-89104896
292616192
-472096768
-89104384
293139968
-472620544
-89103872
293663744
-473144320
-89103360
294187520
-473668096
-89102848
294711296
-474191872
-89102336
295235072
-474715648
-89101824
295758848
-475239424
-89101312
296282624
-475763200
-89100800
296806400
-476286976
-89100288
297330176
-476810752
-89099776
297853952
-477334528
-89099264
298377728
-477858304
-89098752
298901504
-478382080
-89098240
299425280
-478905856
-89097728
299949056
-479429632
-89097216
300472832
-479953408
-89096704
300996608
-480477184
-89096192
301520384
-481000960
-89095680
302044160
-481524736
-89095168
302567936
-482048512
-89094656
303091712
-482572288
-89094144
303615488
-483096064
-89093632
304139264
-483619840
-89093120
304663040
-484143616
-89092608
305186816
-484667392
-89092096
305710592
-485191168
-89091584
306234368
-485714944
-89091072
306758144
-486238720
-89090560
307281920
-486762496
-89090048
307805696
-487286272
-89089536
308329472
-487810048
-89089024
308853248
-488333824
-89088512
309377024
-488857600
-89088000
309900800
-489381376
-89087488
310424576
-489905152
-89086976
310948352
-490428928
-89086464
311472128
-490952704
-89085952
311995904
-491476480
-89085440
312519680
-492000256
-89084928
313043456
-492524032
-89084416
313567232
-493047808
-89083904
314091008
-493571584
-89083392
314614784
-494095360
-89082880
315138560
-494619136
-89082368
315662336
-495142912
-89081856
316186112
-495666688
-89081344
316709888
-496190464
-89080832
317233664
-496714240
-89080320
317757440
-497238016
-89079808
318281216
-497761792
-89079296
318804992
-498285568
-89078784
319328768
-498809344
-89078272
319852544
-499333120
-89077760
320376320
-499856896
-89077248
320900096
-500380672
-89076736
321423872
-500904448
-89076224
321947648
-501428224
-89075712
322471424
-501952000
-89075200
322995200
-502475776
-89074688
323518976
-502999552
-89074176
324042752
-503523328
-89073664
324566528
-504047104
-89073152
325090304
-504570880
-89072640
325614080
-505094656
-89072128
326137856
-505618432
-89071616
326661632
-506142208
-89071104
327185408
-506665984
-89070592
327709184
-507189760
-89070080
328232960
-507713536
-89069568
328756736
-508237312
-89069056
329280512
-508761088
-89068544
329804288
-509284864
-89068032
330328064
-509808640
-89067520
330851840
-510332416
-89067008
331375616
-510856192
-89066496
331899392
-511379968
-89065984
332423168
-511903744
-89065472
332946944
-512427520
-89064960
333470720
-512951296
-89064448
333994496
-513475072
-89063936
334518272
-513998848
-89063424
335042048
-514522624
-89062912
335565824
-515046400
-89062400
336089600
-515570176
-89061888
336613376
-516093952
-89061376
337137152
-516617728
-89060864
337660928
-517141504
-89060352
338184704
-517665280
-89059840
338708480
-518189056
-89059328
339232256
-518712832
-89058816
339756032
-519236608
-89058304
340279808
-519760384
-89057792
340803584
-520284160
-89057280
341327360
-520807936
-89056768
341851136
-521331712
-89056256
342374912
-521855488
-89055744
342898688
-522379264
-89055232
343422464
-522903040
-89054720
343946240
-523426816
-89054208
344470016
-523950592
-89053696
344993792
-524474368
-89053184
345517568
-524998144
-89052672
346041344
-525521920
-89052160
346565120
-526045696
-89051648
347088896
-526569472
-89051136
347612672
-527093248
-89050624
348136448
-527617024
-89050112
348660224
-528140800
-89049600
349184000
-528664576
-89049088
349707776
-529188352
-89048576
350231552
-529712128
-89048064
350755328
-530235904
-89047552
351279104
-530759680
-89047040
351802880
-531283456
-89046528
352326656
-531807232
-89046016
352850432
-532331008
-89045504
353374208
-532854784
-89044992
353897984
-533378560
-89044480
354421760
-533902336
-89043968
354945536
-534426112
-89043456
355469312
-534949888
-89042944
355993088
-535473664
-89042432
356516864
-535997440
-89041920
357040640
-536521216
-89041408
357564416
-537044992
-89040896
358088192
-537568768
-89040384
358611968
-538092544
-89039872
359135744
-538616320
-89039360
359659520
-539140096
-89038848
360183296
-539663872
-89038336
360707072
-540187648
-89037824
361230848
-540711424
-89037312
361754624
-541235200
-89036800
362278400
-541758976
-89036288
362802176
-542282752
-89035776
363325952
-542806528
-89035264
363849728
-543330304
-89034752
364373504
-543854080
-89034240
364897280
-544377856
-89033728
365421056
-544901632
-89033216
365944832
-545425408
-89032704
366468608
-545949184
-89032192
366992384
-546472960
-89031680
367516160
-546996736
-89031168
368039936
-547520512
-89030656
368563712
-548044288
-89030144
369087488
-548568064
-89029632
369611264
-549091840
-89029120
370135040
-549615616
-89028608
370658816
-550139392
-89028096
371182592
-550663168
-89027584
371706368
-551186944
-89027072
372230144
-551710720
-89026560
372753920
-552234496
-89026048
373277696
-552758272
-89025536
373801472
-553282048
-89025024
374325248
-553805824
-89024512
374849024
-554329600
-89024000
375372800
-554853376
-89023488
375896576
-555377152
-89022976
376420352
-555900928
-89022464
376944128
-556424704
-89021952
377467904
-556948480
-89021440
377991680
-557472256
-89020928
378515456
-557996032
-89020416
379039232
-558519808
-89019904
379563008
-559043584
-89019392
380086784
-559567360
-89018880
380610560
-560091136
-89018368
381134336
-560614912
-89017856
381658112
-561138688
-89017344
382181888
-561662464
-89016832
382705664
-562186240
-89016320
383229440
-562710016
-89015808
383753216
-563233792
-89015296
384276992
-563757568
-89014784
384800768
-564281344
-89014272
385324544
-564805120
-89013760
385848320
-565328896
-89013248
386372096
-565852672
-89012736
386895872
-566376448
-89012224
387419648
-566900224
-89011712
387943424
-567424000
-89011200
388467200
-567947776
-89010688
388990976
-568471552
-89010176
389514752
-568995328
-89009664
390038528
-569519104
-89009152
390562304
-570042880
-89008640
391086080
-570566656
-89008128
391609856
-571090432
-89007616
392133632
-571614208
-89007104
392657408
-572137984
-89006592
393181184
-572661760
-89006080
393704960
-573185536
-89005568
394228736
-573709312
-89005056
394752512
-574233088
-89004544
395276288
-574756864
-89004032
395800064
-575280640
-89003520
396323840
-575804416
-89003008
396847616
-576328192
-89002496
397371392
-576851968
-89001984
397895168
-577375744
-89001472
398418944
-577899520
-89000960
398942720
-578423296
-89000448
399466496
-578947072
-88999936
399990272
-579470848
-88999424
400514048
-579994624
-88998912
401037824
-580518400
-88998400
401561600
-581042176
-88997888
402085376
-581565952
-88997376
402609152
-582089728
-88996864
403132928
-582613504
-88996352
403656704
-583137280
-88995840
404180480
-583661056
-88995328
404704256
-584184832
-88994816
405228032
-584708608
-88994304
405751808
-585232384
-88993792
406275584
-585756160
-88993280
406799360
-586279936
-88992768
407323136
-586803712
-88992256
407846912
-587327488
-88991744
408370688
-587851264
-88991232
408894464
-588375040
-88990720
409418240
-588898816
-88990208
409942016
-589422592
-88989696
410465792
-589946368
-88989184
410989568
-590470144
-88988672
411513344
-590993920
-88988160
412037120
-591517696
-88987648
412560896
-592041472
-88987136
413084672
-592565248
-88986624
413608448
-593089024
-88986112
414132224
-593612800
-88985600
414656000
-594136576
-88985088
415179776
-594660352
-88984576
415703552
-595184128
-88984064
416227328
-595707904
-88983552
416751104
-596231680
-88983040
417274880
-596755456
-88982528
417798656
-597279232
-88982016
418322432
-597803008
-88981504
418846208
-598326784
-88980992
419369984
-598850560
-88980480
419893760
-599374336
-88979968
420417536
-599898112
-88979456
420941312
-600421888
-88978944
421465088
-600945664
-88978432
421988864
-601469440
-88977920
422512640
-601993216
-88977408
423036416
-602516992
-88976896
423560192
-603040768
-88976384
424083968
-603564544
-88975872
424607744
-604088320
-88975360
425131520
-604612096
-88974848
425655296
-605135872
-88974336
426179072
-605659648
-88973824
426702848
-606183424
-88973312
427226624
-606707200
-88972800
427750400
-607230976
-88972288
428274176
-607754752
-88971776
428797952
-608278528
-88971264
429321728
-608802304
-88970752
429845504
-609326080
-88970240
430369280
-609849856
-88969728
430893056
-610373632
-88969216
431416832
-610897408
-88968704
431940608
-611421184
-88968192
432464384
-611944960
-88967680
432988160
-612468736
-88967168
433511936
-612992512
-88966656
434035712
-613516288
-88966144
434559488
-614040064
-88965632
435083264
-614563840
-88965120
435607040
-615087616
-88964608
436130816
-615611392
-88964096
436654592
-616135168
-88963584
437178368
-616658944
-88963072
437702144
-617182720
-88962560
438225920
-617706496
-88962048
438749696
-618230272
-88961536
439273472
-618754048
-88961024
439797248
-619277824
-88960512
440321024
-619801600
-88960000
440844800
-620325376
-88959488
441368576
-620849152
-88958976
441892352
-621372928
-88958464
442416128
-621896704
-88957952
442939904
-622420480
-88957440
443463680
-622944256
-88956928
443987456
-623468032
-88956416
444511232
-623991808
-88955904
445035008
-624515584
-88955392
445558784
-625039360
-88954880
446082560
-625563136
-88954368
446606336
-626086912
-88953856
447130112
-626610688
-88953344
447653888
-627134464
-88952832
448177664
-627658240
-88952320
448701440
-628182016
-88951808
449225216
-628705792
-88951296
449748992
-629229568
-88950784
450272768
-629753344
-88950272
450796544
-630277120
-88949760
451320320
-630800896
-88949248
451844096
-631324672
-88948736
452367872
-631848448
-88948224
452891648
-632372224
-88947712
453415424
-632896000
-88947200
453939200
-633419776
-88946688
454462976
-633943552
-88946176
454986752
-634467328
-88945664
455510528
-634991104
-88945152
456034304
-635514880
-88944640
456558080
-636038656
-88944128
457081856
-636562432
-88943616
457605632
-637086208
-88943104
458129408
-637609984
-88942592
458653184
-638133760
-88942080
459176960
-638657536
-88941568
459700736
-639181312
-88941056
460224512
-639705088
-88940544
460748288
-640228864
-88940032
461272064
-640752640
-88939520
461795840
-641276416
-88939008
462319616
-641800192
-88938496
462843392
-642323968
-88937984
463367168
-642847744
-88937472
463890944
-643371520
-88936960
464414720
-643895296
-88936448
464938496
-644419072
-88935936
465462272
-644942848
-88935424
465986048
-645466624
-88934912
466509824
-645990400
-88934400
467033600
-646514176
-88933888
467557376
-647037952
-88933376
468081152
-647561728
-88932864
468604928
-648085504
-88932352
469128704
-648609280
-88931840
469652480
-649133056
-88931328
470176256
-649656832
-88930816
470700032
-650180608
-88930304
471223808
-650704384
-88929792
471747584
-651228160
-88929280
472271360
-651751936
-88928768
472795136
-652275712
-88928256
473318912
-652799488
-88927744
473842688
-653323264
-88927232
474366464
-653847040
-88926720
474890240
-654370816
-88926208
475414016
-654894592
-88925696
475937792
-655418368
-88925184
476461568
-655942144
-88924672
476985344
-656465920
-88924160
477509120
-656989696
-88923648
478032896
-657513472
-88923136
478556672
-658037248
-88922624
479080448
-658561024
-88922112
479604224
-659084800
-88921600
480128000
-659608576
-88921088
480651776
-660132352
-88920576
481175552
-660656128
-88920064
481699328
-661179904
-88919552
482223104
-661703680
-88919040
482746880
-662227456
-88918528
483270656
-662751232
-88918016
483794432
-663275008
-88917504
484318208
-663798784
-88916992
484841984
-664322560
-88916480
485365760
-664846336
-88915968
485889536
-665370112
-88915456
486413312
-665893888
-88914944
486937088
-666417664
-88914432
487460864
-666941440
-88913920
487984640
-667465216
-88913408
488508416
-667988992
-88912896
489032192
-668512768
-88912384
489555968
-669036544
-88911872
490079744
-669560320
-88911360
490603520
-670084096
-88910848
491127296
-670607872
-88910336
491651072
-671131648
-88909824
492174848
-671655424
-88909312
492698624
-672179200
-88908800
493222400
-672702976
-88908288
493746176
-673226752
-88907776
494269952
-673750528
-88907264
494793728
-674274304
-88906752
495317504
-674798080
-88906240
495841280
-675321856
-88905728
496365056
-675845632
-88905216
496888832
-676369408
-88904704
497412608
-676893184
-88904192
497936384
-677416960
-88903680
498460160
-677940736
-88903168
498983936
-678464512
-88902656
499507712
-678988288
-88902144
500031488
-679512064
-88901632
500555264
-680035840
-88901120
501079040
-680559616
-88900608
501602816
-681083392
-88900096
502126592
-681607168
-88899584
502650368
-682130944
-88899072
503174144
-682654720
-88898560
503697920
-683178496
-88898048
504221696
-683702272
-88897536
504745472
-684226048
-88897024
505269248
-684749824
-88896512
505793024
-685273600
-88896000
506316800
-685797376
-88895488
506840576
-686321152
-88894976
507364352
-686844928
-88894464
507888128
-687368704
-88893952
508411904
-687892480
-88893440
508935680
-688416256
-88892928
509459456
-688940032
-88892416
509983232
-689463808
-88891904
510507008
-689987584
-88891392
511030784
-690511360
-88890880
511554560
-691035136
-88890368
512078336
-691558912
-88889856
512602112
-692082688
-88889344
513125888
-692606464
-88888832
513649664
-693130240
-88888320
514173440
-693654016
-88887808
514697216
-694177792
-88887296
515220992
-694701568
-88886784
515744768
-695225344
-88886272
516268544
-695749120
-88885760
516792320
-696272896
-88885248
517316096
-696796672
-88884736
517839872
-697320448
-88884224
518363648
-697844224
-88883712
518887424
-698368000
-88883200
519411200
-698891776
-88882688
519934976
-699415552
-88882176
520458752
-699939328
-88881664
520982528
-700463104
-88881152
521506304
-700986880
-88880640
522030080
-701510656
-88880128
522553856
-702034432
-88879616
523077632
-702558208
-88879104
523601408
-703081984
-88878592
524125184
-703605760
-88878080
524648960
-704129536
-88877568
525172736
-704653312
-88877056
525696512
-705177088
-88876544
526220288
-705700864
-88876032
526744064
-706224640
-88875520
527267840
-706748416
-88875008
527791616
-707272192
-88874496
528315392
-707795968
-88873984
528839168
-708319744
-88873472
529362944
-708843520
-88872960
529886720
-709367296
-88872448
530410496
-709891072
-88871936
530934272
-710414848
-88871424
531458048
-710938624
-88870912
531981824
-711462400
-88870400
532505600
-711986176
-88869888
533029376
-712509952
-88869376
533553152
-713033728
-88868864
534076928
-713557504
-88868352
534600704
-714081280
-88867840
535124480
-714605056
-88867328
535648256
-715128832
-88866816
536172032
-715652608
-88866304
536695808
-716176384
-88865792
537219584
-716700160
-88865280
537743360
-717223936
-88864768
538267136
-717747712
-88864256
538790912
-718271488
-88863744
539314688
-718795264
-88863232
539838464
-719319040
-88862720
540362240
-719842816
-88862208
540886016
-720366592
-88861696
541409792
-720890368
-88861184
541933568
-721414144
-88860672
542457344
-721937920
-88860160
542981120
-722461696
-88859648
543504896
-722985472
-88859136
544028672
-723509248
-88858624
544552448
-724033024
-88858112
545076224
-724556800
-88857600
545600000
-725080576
-88857088
546123776
-725604352
-88856576
546647552
-726128128
-88856064
547171328
-726651904
-88855552
547695104
-727175680
-88855040
548218880
-727699456
-88854528
548742656
-728223232
-88854016
549266432
-728747008
-88853504
549790208
-729270784
-88852992
550313984
-729794560
-88852480
550837760
-730318336
-88851968
551361536
-730842112
-88851456
551885312
-731365888
-88850944
552409088
-731889664
-88850432
552932864
-732413440
-88849920
553456640
-732937216
-88849408
553980416
-733460992
-88848896
554504192
-733984768
-88848384
555027968
-734508544
-88847872
555551744
-735032320
-88847360
556075520
-735556096
-88846848
556599296
-736079872
-88846336
557123072
-736603648
-88845824
557646848
-737127424
-88845312
558170624
-737651200
-88844800
558694400
-738174976
-88844288
559218176
-738698752
-88843776
559741952
-739222528
-88843264
560265728
-739746304
-88842752
560789504
-740270080
-88842240
561313280
-740793856
-88841728
561837056
-741317632
-88841216
562360832
-741841408
-88840704
562884608
-742365184
-88840192
563408384
-742888960
-88839680
563932160
-743412736
-88839168
564455936
-743936512
-88838656
564979712
-744460288
-88838144
565503488
-744984064
-88837632
566027264
-745507840
-88837120
566551040
-746031616
-88836608
567074816
-746555392
-88836096
567598592
-747079168
-88835584
568122368
-747602944
-88835072
568646144
-748126720
-88834560
569169920
-748650496
-88834048
569693696
-749174272
-88833536
570217472
-749698048
-88833024
570741248
-750221824
-88832512
571265024
-750745600
-88832000
571788800
-751269376
-88831488
572312576
-751793152
-88830976
572836352
-752316928
-88830464
573360128
-752840704
-88829952
573883904
-753364480
-88829440
574407680
-753888256
-88828928
574931456
-754412032
-88828416
575455232
-754935808
-88827904
575979008
-755459584
-88827392
576502784
-755983360
-88826880
577026560
-756507136
-88826368
577550336
-757030912
-88825856
578074112
-757554688
-88825344
578597888
-758078464
-88824832
579121664
-758602240
-88824320
579645440
-759126016
-88823808
580169216
-759649792
-88823296
580692992
-760173568
-88822784
581216768
-760697344
-88822272
581740544
-761221120
-88821760
582264320
-761744896
-88821248
582788096
-762268672
-88820736
583311872
-762792448
-88820224
583835648
-763316224
-88819712
584359424
-763840000
-88819200
584883200
-764363776
-88818688
585406976
-764887552
-88818176
585930752
-765411328
-88817664
586454528
-765935104
-88817152
586978304
-766458880
-88816640
587502080
-766982656
-88816128
588025856
-767506432
-88815616
588549632
-768030208
-88815104
589073408
-768553984
-88814592
589597184
-769077760
-88814080
590120960
-769601536
-88813568
590644736
-770125312
-88813056
591168512
-770649088
-88812544
591692288
-771172864
-88812032
592216064
-771696640
-88811520
592739840
-772220416
-88811008
593263616
-772744192
-88810496
593787392
-773267968
-88809984
594311168
-773791744
-88809472
594834944
-774315520
-88808960
595358720
-774839296
-88808448
595882496
-775363072
-88807936
596406272
-775886848
-88807424
596930048
-776410624
-88806912
597453824
-776934400
-88806400
597977600
-777458176
-88805888
598501376
-777981952
-88805376
599025152
-778505728
-88804864
599548928
-779029504
-88804352
600072704
-779553280
-88803840
600596480
-780077056
-88803328
601120256
-780600832
-88802816
601644032
-781124608
-88802304
602167808
-781648384
-88801792
602691584
-782172160
-88801280
603215360
-782695936
-88800768
603739136
-783219712
-88800256
604262912
-783743488
-88799744
604786688
-784267264
-88799232
605310464
-784791040
-88798720
605834240
-785314816
-88798208
606358016
-785838592
-88797696
606881792
-786362368
-88797184
607405568
-786886144
-88796672
607929344
-787409920
-88796160
608453120
-787933696
-88795648
608976896
-788457472
-88795136
609500672
-788981248
-88794624
610024448
-789505024
-88794112
610548224
-790028800
-88793600
611072000
-790552576
-88793088
611595776
-791076352
-88792576
612119552
-791600128
-88792064
612643328
-792123904
-88791552
613167104
-792647680
-88791040
613690880
-793171456
-88790528
614214656
-793695232
-88790016
614738432
-794219008
-88789504
615262208
-794742784
-88788992
615785984
-795266560
-88788480
616309760
-795790336
-88787968
616833536
-796314112
-88787456
617357312
-796837888
-88786944
617881088
-797361664
-88786432
618404864
-797885440
-88785920
618928640
-798409216
-88785408
619452416
-798932992
-88784896
619976192
-799456768
-88784384
620499968
-799980544
-88783872
621023744
-800504320
-88783360
621547520
-801028096
-88782848
622071296
-801551872
-88782336
622595072
-802075648
-88781824
623118848
-802599424
-88781312
623642624
-803123200
-88780800
624166400
-803646976
-88780288
624690176
-804170752
-88779776
625213952
-804694528
-88779264
625737728
-805218304
-88778752
626261504
-805742080
-88778240
626785280
-806265856
-88777728
627309056
-806789632
-88777216
627832832
-807313408
-88776704
628356608
-807837184
-88776192
628880384
-808360960
-88775680
629404160
-808884736
-88775168
629927936
-809408512
-88774656
630451712
-809932288
-88774144
630975488
-810456064
-88773632
631499264
-810979840
-88773120
632023040
-811503616
-88772608
632546816
-812027392
-88772096
633070592
-812551168
-88771584
633594368
-813074944
-88771072
634118144
-813598720
-88770560
634641920
-814122496
-88770048
635165696
-814646272
-88769536
635689472
-815170048
-88769024
636213248
-815693824
-88768512
636737024
-816217600
-88768000
637260800
-816741376
-88767488
637784576
-817265152
-88766976
638308352
-817788928
-88766464
638832128
-818312704
-88765952
639355904
-818836480
-88765440
639879680
-819360256
-88764928
640403456
-819884032
-88764416
640927232
-820407808
-88763904
641451008
-820931584
-88763392
641974784
-821455360
-88762880
642498560
-821979136
-88762368
643022336
-822502912
-88761856
643546112
-823026688
-88761344
644069888
-823550464
-88760832
644593664
-824074240
-88760320
645117440
-824598016
-88759808
645641216
-825121792
-88759296
646164992
-825645568
-88758784
646688768
-826169344
-88758272
647212544
-826693120
-88757760
647736320
-827216896
-88757248
648260096
-827740672
-88756736
648783872
-828264448
-88756224
649307648
-828788224
-88755712
649831424
-829312000
-88755200
650355200
-829835776
-88754688
650878976
-830359552
-88754176
651402752
-830883328
-88753664
651926528
-831407104
-88753152
652450304
-831930880
-88752640
652974080
-832454656
-88752128
653497856
-832978432
-88751616
654021632
-833502208
-88751104
654545408
-834025984
-88750592
655069184
-834549760
-88750080
655592960
-835073536
-88749568
656116736
-835597312
-88749056
656640512
-836121088
-88748544
657164288
-836644864
-88748032
657688064
-837168640
-88747520
658211840
-837692416
-88747008
658735616
-838216192
-88746496
659259392
-838739968
-88745984
659783168
-839263744
-88745472
660306944
-839787520
-88744960
660830720
-840311296
-88744448
661354496
-840835072
-88743936
661878272
-841358848
-88743424
662402048
-841882624
-88742912
662925824
-842406400
-88742400
663449600
-842930176
-88741888
663973376
-843453952
-88741376
664497152
-843977728
-88740864
665020928
-844501504
-88740352
665544704
-845025280
-88739840
666068480
-845549056
-88739328
666592256
-846072832
-88738816
667116032
-846596608
-88738304
667639808
-847120384
-88737792
668163584
-847644160
-88737280
668687360
-848167936
-88736768
669211136
-848691712
-88736256
669734912
-849215488
-88735744
670258688
-849739264
-88735232
670782464
-850263040
-88734720
671306240
-850786816
-88734208
671830016
-851310592
-88733696
672353792
-851834368
-88733184
672877568
-852358144
-88732672
673401344
-852881920
-88732160
673925120
-853405696
-88731648
674448896
-853929472
-88731136
674972672
-854453248
-88730624
675496448
-854977024
-88730112
676020224
-855500800
-88729600
676544000
-856024576
-88729088
677067776
-856548352
-88728576
677591552
-857072128
-88728064
678115328
-857595904
-88727552
678639104
-858119680
-88727040
679162880
-858643456
-88726528
679686656
-859167232
-88726016
680210432
-859691008
-88725504
680734208
-860214784
-88724992
681257984
-860738560
-88724480
681781760
-861262336
-88723968
682305536
-861786112
-88723456
682829312
-862309888
-88722944
683353088
-862833664
-88722432
683876864
-863357440
-88721920
684400640
-863881216
-88721408
684924416
-864404992
-88720896
685448192
-864928768
-88720384
685971968
-865452544
-88719872
686495744
-865976320
-88719360
687019520
-866500096
-88718848
687543296
-867023872
-88718336
688067072
-867547648
-88717824
688590848
-868071424
-88717312
689114624
-868595200
-88716800
689638400
-869118976
-88716288
690162176
-869642752
-88715776
690685952
-870166528
-88715264
691209728
-870690304
-88714752
691733504
-871214080
-88714240
692257280
-871737856
-88713728
692781056
-872261632
-88713216
693304832
-872785408
-88712704
693828608
-873309184
-88712192
694352384
-873832960
-88711680
694876160
-874356736
-88711168
695399936
-874880512
-88710656
695923712
-875404288
-88710144
696447488
-875928064
-88709632
696971264
-876451840
-88709120
697495040
-876975616
-88708608
698018816
-877499392
-88708096
698542592
-878023168
-88707584
699066368
-878546944
-88707072
699590144
-879070720
-88706560
700113920
-879594496
-88706048
700637696
-880118272
-88705536
701161472
-880642048
-88705024
701685248
-881165824
-88704512
702209024
-881689600
-88704000
702732800
-882213376
-88703488
703256576
-882737152
-88702976
703780352
-883260928
-88702464
704304128
-883784704
-88701952
704827904
-884308480
-88701440
705351680
-884832256
-88700928
705875456
-885356032
-88700416
706399232
-885879808
-88699904
706923008
-886403584
-88699392
707446784
-886927360
-88698880
707970560
-887451136
-88698368
708494336
-887974912
-88697856
709018112
-888498688
-88697344
709541888
-889022464
-88696832
710065664
-889546240
-88696320
710589440
-890070016
-88695808
711113216
-890593792
-88695296
711636992
-891117568
-88694784
712160768
-891641344
-88694272
712684544
-892165120
-88693760
713208320
-892688896
-88693248
713732096
-893212672
-88692736
714255872
-93824902758400
